Input_Data

VEHICLE
NUMBER     CAPACITY
  10         70

CUSTOMER
CUST NO.   XCOORD.  YCOORD.    DEMAND    READY TIME  DUE DATE  SERVICE   TIME
 
    0      40         50          0          0       1236          0   
    1      45         68         10          0       1127         90   
    2      45         70         30          0       1125         90   
    3      42         66         10          0       1129         90   
    4      42         68         10        727        782         90   
    5      42         65         10          0       1130         90   
    6      40         69         20          0       1127         90   
    7      40         66         20          0       1130         90   
    8      38         68         20        255        324         90   
    9      38         70         10        534        605         90   
   10      35         66         10          0       1129         90   
   11      35         69         10        448        505         90   
   12      25         85         20          0       1107         90   
   13      22         75         30         30         92         90   
   14      22         85         10          0       1106         90   
   15      20         80         40        384        429         90   
   16      20         85         40          0       1105         90   
   17      18         75         20          0       1112         90   
   18      15         75         20          0       1110         90   
   19      15         80         10          0       1106         90   
   20      30         50         10          0       1136         90   
   21      30         52         20          0       1135         90   
   22      28         52         20          0       1133         90   
   23      28         55         10        732        777         90   
   24      25         50         10          0       1131         90   
   25      25         52         40        169        224         90