best = 7338.419830211267 evals = 220028 17.751140065 sec
7338.419830211267 [1:1,1:1,4:3,3:2,5:3,3:2] [34.58867365260654, 0.2800000000003881, 1.0213199896940253, 0.2800000000003881, 9.841408323973656, 2.9303919291123748E-9] [7456.679026533558, 399.69805305303163, 164.18980290024066, 334.2488325479292, 0.1630833705342643, -0.22564954170853885, 0.9805628198484782, 0.4977489581063494, 0.5363419684307973, -0.3461410243531474]
7342.6327077053 [1:1,1:1,4:3,3:2,3:2,3:2] [34.97227666911235, 0.29524029016477554, 1.0657198166680075, 0.29524029016477554, 9.240013535839397, 9.76797309704125E-9] [7454.238879077729, 404.2443623896265, 166.74270129563757, 332.1933675190269, 0.1559304448114172, -0.23539493066618603, 0.9904942555340396, 0.499841209813325, 0.09149468549935494, 0.09147979982333511]
7427.1520486337195 [1:1,1:1,5:4,3:2,5:3,3:2] [34.84683445102403, 0.2800000000292039, 1.0220442846490725, 0.2800000000292039, 10.468640613034683, 1.4752004062756896E-9] [7454.278993383765, 403.6395398226282, 166.1680779920048, 332.7224725299248, 0.1572699550692097, -0.2332741344381563, 0.6973714380220712, 0.7252141447535845, 0.5374262423065856, -0.34982511993957455]
7458.659589569138 [1:1,1:1,1:1,4:3,3:2,3:2] [32.035862126795415, 0.2889349190036935, 1.0216250676485008, 0.2889349190036935, 8.612712385736515, 1.275730028282851E-7] [7457.297064772626, 399.9471882380462, 165.44088182358652, 333.3738073372626, 0.16114695686038397, -0.23066276211341274, 0.03643225478901981, 2.156593114406708, 0.49868981820121366, 0.09228683408195089]
7469.808347142933 [1:1,1:1,4:3,3:2,3:2,4:3] [34.82403623091033, 0.29524029019763226, 1.0657198166363289, 0.29524029019763226, 9.855217343318106, 9.211362339556217E-9] [7454.23887896476, 404.2443624896872, 166.74270125534656, 332.1933675419814, 0.1559304447888451, -0.23539493054976446, 0.9904942554186051, 0.49984120978890717, 0.09149468551573188, -0.35272565106784043]
7470.881398741846 [1:1,1:1,1:1,4:3,3:2,5:3] [34.10503380511768, 0.2996136558576817, 1.0641557817311296, 0.2996136558576817, 9.227916159584057, 1.6053127183113247E-7] [7457.297065429736, 399.9471874295051, 165.44088153490156, 333.373807481161, 0.16114695787693997, -0.23066276069770575, 0.03643225480496216, 0.9849995383433477, 0.4986760983850694, 0.5369757483105725]
7475.178271434749 [1:1,1:1,5:4,3:2,3:2,3:2] [35.016170717504295, 0.29769862810628106, 1.0657198167762538, 0.29769862810628106, 9.855217312611632, 3.9362930692732334E-9] [7454.2388790984705, 404.2443624419173, 166.74270137247777, 332.1933674371228, 0.15593044465315517, -0.2353949308214757, 0.6987370583329677, 0.7263904823096606, 0.09147954922182024, 0.09146515358586446]
7483.8237837589295 [1:1,1:1,4:3,3:2,4:3,3:2] [34.683881935417546, 0.29524029014189074, 1.0224004863464171, 0.29524029014189074, 9.855217343300614, 2.3421307560056448E-8] [7454.238878991866, 404.2443624914507, 166.74270129058527, 332.1933674985919, 0.1559304447352261, -0.23539493053249672, 0.9904942555966252, 0.4998412098250024, -0.35268235546478777, 0.49990452528470597]
7489.953642592685 [1:1,1:1,4:3,3:2,5:3,5:3] [34.200270304017415, 0.28000000000094494, 1.062984861791147, 0.28000000000094494, 10.458484177626364, 3.292370820418E-10] [7456.040851691111, 400.3179024623506, 164.23608540503335, 334.2664545047915, 0.1625512428199996, -0.2259965113530354, 0.9805776126334732, 0.4977547769314661, 0.5363489505210469, 0.11869513348544763]
7506.943148212571 [1:1,1:1,1:1,4:3,5:3,3:2] [31.43448204960549, 0.2800000006033229, 1.106599047970567, 0.2800000006033229, 9.03705026576283, 2.3369011614704505E-7] [7503.47928965425, 154.13035903262528, 321.37385426668595, 353.54391706886184, 2.9736920962355704, -0.14815030801768458, 0.03793889879825168, 0.9158920306031415, 0.9933400081358202, -0.3110382153554019]
7508.79145370484 [1:1,1:1,4:3,3:2,3:2,5:3] [34.434205163227645, 0.2952402901268136, 1.0657198167054887, 0.2952402901268136, 9.855217342844295, 1.513217284809798E-8] [7454.238879189226, 404.2443622896664, 166.74270133385411, 332.19336749043623, 0.1559304448364587, -0.23539493070373083, 0.9904942556595611, 0.49984120983908364, 0.09149468548078483, 0.5377928326098294]
7514.848335000712 [1:1,1:1,4:3,3:2,5:3,4:3] [33.94790460958115, 0.28000000000024083, 1.021319989709174, 0.28000000000024083, 10.45661216114866, 2.2919266484677792E-10] [7456.6790266455455, 399.6980529449216, 164.18980289084465, 334.2488325442279, 0.16308337062912456, -0.2256495416379015, 0.9805628198461134, 0.49774895810532466, 0.5363419684294503, -0.951466566980981]
7558.881601016788 [1:1,1:1,1:1,4:3,4:3,5:3] [33.597618507455635, 0.29188343895339447, 1.0657198168200255, 0.29188343895339447, 9.855217312432552, 5.3423718782141805E-9] [7454.238879219677, 404.24436234921257, 166.7427014301188, 332.19336740678085, 0.15593044464369327, -0.23539493107843742, 0.036318261106376176, 0.9905981160200156, 0.07089898943705177, 1.061182301393385]
7570.537423888594 [1:1,4:3,4:3,3:2,3:2,3:2] [35.11338783645499, 0.28193375849542945, 1.0224004863030804, 0.3120093478290162, 10.470421211980547, 2.0701918401755393E-8] [7454.238878909173, 404.2443625682118, 166.74270126455775, 332.1933675242351, 0.15593044471042108, 0.6249558225446047, 0.07091336697377987, 0.4998793696189641, 0.09146701559832011, 0.09145581707214744]
7593.032468529162 [1:1,1:1,4:3,3:2,4:3,4:3] [34.742505953241725, 0.2952403044752547, 1.0657198028155834, 0.2952403044752547, 10.470421198254842, 1.5097612049430609E-9] [7454.238860167373, 404.2443721959706, 166.74268770909742, 332.19337761868246, 0.15593045699178434, -0.23539488409924492, 0.990494205528393, 0.4998411992893062, -0.35268233309321206, 0.07086947753145105]
7607.564210841523 [1:1,4:3,1:1,4:3,3:2,3:2] [33.94550536914822, 0.283171578373878, 1.0216250677237546, 0.3177314126993279, 9.843119997845783, 2.7781425160355866E-8] [7457.297065610042, 399.94718751040466, 165.44088190905862, 333.373807239966, 0.16114695729103737, 0.6262952868771255, -0.9236361692068358, 0.9852217055464503, 0.498726402549069, 0.09226182031659942]
7612.956428606707 [1:1,1:1,5:4,3:2,4:3,3:2] [34.761905231897536, 0.29769862834554367, 1.0657198165335002, 0.29769862834554367, 10.470421150023991, 5.8085788623429835E-8] [7454.238879074308, 404.2443622830933, 166.74270118707574, 332.1933676172926, 0.15593044506255907, -0.23539493022782407, 0.6987370578755031, 0.7263904819161021, -0.3527260824940048, 0.4999225254810531]
7627.91438057462 [1:1,1:1,5:4,3:2,3:2,4:3] [34.74468363130307, 0.29924313540108405, 1.021625067748556, 0.29924313540108405, 10.458323806868117, 4.461071512196213E-8] [7457.297064920595, 399.9471881942503, 165.44088196725346, 333.37380721214254, 0.1611469566943726, -0.23066276247859954, 0.6957228958206121, 0.7237958707065585, 0.09229136407904467, -0.35024814650365377]
7640.532270017921 [1:1,1:1,5:4,3:2,3:2,5:3] [34.48614701417244, 0.2976986286321456, 1.0657198162444432, 0.2976986286321456, 10.47042115006744, 3.704735718201846E-8] [7454.238878794788, 404.24436235822424, 166.74270091715763, 332.1933678279521, 0.15593044540298273, -0.2353949292498526, 0.6987370573144439, 0.7263904814329974, 0.09147954949078442, 0.5378040595068295]
7646.210318412964 [1:1,1:1,1:1,4:3,3:2,4:3] [31.514296640579655, 0.28893492003806737, 1.0216250672161304, 0.28893492003806737, 9.227916158577754, 3.268905857112259E-8] [7457.2970646802, 399.94718734182936, 165.44088035964717, 333.37380837654, 0.1611469596016826, -0.23066275655230498, 0.03643225489170196, 2.156593119511483, 0.49868981712135146, -0.350213691645437]
7650.219065536962 [1:1,4:3,1:1,4:3,3:2,5:3] [33.31698105822504, 0.2831715781495127, 1.0426341530630145, 0.29122157792483655, 10.458323836340583, 3.6670826375484467E-9] [7457.2970655765175, 399.9471877369235, 165.44088220033012, 333.3738070211702, 0.16114695671007845, 0.6262952865301935, -0.9236361704042734, 0.9852217065793665, 0.49872640276632346, 0.5370089405977934]
7669.307103066109 [1:1,1:1,1:1,4:3,4:3,3:2] [31.875430493224663, 0.29693926857468733, 1.065719816777721, 0.29693926857468733, 9.24001350522887, 2.381057129241526E-9] [7454.238879149193, 404.2443623869033, 166.74270138071205, 332.19336743622404, 0.1559304446864685, -0.23539493083819757, 0.03631826110951107, 2.1509945377334505, 0.07089155044889145, 0.4999144195675359]
7670.76820136348 [1:1,1:1,4:3,3:2,4:3,5:3] [33.514562743020065, 0.2910063804126572, 1.0657198165984823, 0.2910063804126572, 10.470421181393373, 3.277637006249279E-8] [7454.238878845556, 404.2443625890962, 166.74270120707527, 332.19336756891875, 0.15593044477922208, -0.23539493037640308, 0.9904942552769069, 0.49984120975879015, -0.35268235532062575, 1.0612861256012078]
7675.893787627362 [1:1,1:1,4:3,4:3,3:2,5:3] [34.36546299604117, 0.3000279393291826, 1.065719814324866, 0.3000279393291826, 10.470421178000562, 1.1932570487260818E-8] [7454.2388780063875, 404.24436165084467, 166.74269924981252, 332.19336922520995, 0.15593044847630688, -0.23539492265037362, 0.9904942470634789, 0.07090354139786387, 0.4998891038070682, 0.537804104757292]
7680.819242520641 [1:1,1:1,1:1,4:3,5:3,5:3] [30.344980513557662, 0.28000019486395794, 1.0485299024665926, 0.28000019486395794, 9.385455730427719, 0.005482057023982634] [7326.216242962504, 333.2673874565394, 116.90046931386874, 281.4323304628875, 0.1627484446669176, -0.20409918498004273, 0.03721068688997557, 0.92510074424394, 0.9960498176358968, 0.12824298690053496]
7685.535346246239 [1:1,4:3,4:3,3:2,5:3,3:2] [32.94250931284504, 0.2823113190228907, 1.0117438509390073, 0.28872193401228996, 10.538640572876245, 1.2699401850113645E-6] [7354.980979263104, 312.26005778359814, 110.91759382555922, 280.21689129623, 0.15536166839688936, 0.5862948283297262, 0.06951778475671422, 0.4937064992717931, 0.5295877803585447, -0.3464661841005222, 0.7418201349243331]
7686.0641873949335 [1:1,1:1,1:1,4:3,5:3,4:3] [30.820805164291563, 0.28000000884853565, 1.1057406486111336, 0.28000000884853565, 9.681805773702356, 1.2006830729660578E-5] [7492.0354580054745, 164.77828689379223, 320.67855713451837, 354.3850466497806, 2.9838797954190364, -0.14651593391099868, 0.037952629358384254, 0.9151101317353458, 0.9926071791858382, -0.8674778835035261]
7686.378714857307 [1:1,1:1,4:3,4:3,5:3,3:2] [31.90424324880451, 0.2800000000025527, 1.1104660791591217, 0.2800000000025527, 10.276813357669678, 4.05634636990726E-10] [7502.0219430297775, 156.776308884597, 321.6101804555625, 354.0787080369342, 2.9821822665486457, -0.1593895082581645, 0.9246987463837744, 0.07798406535067276, 1.0010580704352043, -0.3164157473092678]
7697.98910260551 [1:1,1:1,5:4,3:2,5:3,5:3] [32.34940567199983, 0.28000000609278003, 1.0679781784258122, 0.28000000609278003, 10.584134408822429, 5.020783646614291E-6] [7337.139210222238, 326.65140225560344, 111.89908874732436, 281.4606988059905, 0.14800121210995815, -0.25364507262934516, 0.6905431150970919, 0.7159968755690033, 0.529176512510872, 0.11453194581165649]
7726.019400368912 [1:1,4:3,5:4,3:2,3:2,3:2] [33.01060593265376, 0.28149416915066555, 1.012664425807484, 0.29926181687429976, 10.531417180481752, 2.5156623451039195E-9] [7357.2391442445105, 309.39364693217846, 110.8284939046666, 280.53406945265544, 0.16111776126434763, 0.5872836274967619, -0.14031549409999403, 0.7189118615670518, 0.08906398973869666, 0.08908065081352179]
7726.632107434389 [1:1,1:1,5:4,4:3,5:3,3:2] [32.63450903710873, 0.2800000011295773, 1.1174432262047758, 0.2800000011295773, 10.897083804563064, 4.245281161274761E-6] [7503.09245501432, 157.7417715934993, 321.9425513425017, 354.6314525402725, 2.9907736245200867, -0.17619697304375564, 0.6707652618093752, 0.26613435398592467, 1.014148003311812, -0.32507731642542365]
7727.127729798502 [1:1,1:1,4:3,4:3,3:2,3:2] [34.91306038959855, 0.30378698361060186, 1.0224004864107872, 0.3399379564255039, 9.85521734289455, 1.3149474398232996E-8] [7454.238879364764, 404.24436226612966, 166.74270152689456, 332.19336733928736, 0.15593044456826113, -0.23539493143619403, 0.9904942564139144, 0.07090354051067707, 0.49988910577863954, 0.09146509391971841]
7739.458598657132 [1:1,4:3,1:1,4:3,5:3,3:2] [31.837380281435607, 0.27999999999961206, 1.0054886561652592, 0.27999999999961206, 10.53085079603838, 8.330971468240023E-10] [7999.999999983511, 416.96781347785975, 172.42201451548488, 335.8621533051999, 2.965176683345627, 2.4763591026530105, -2.3053081441619736, 2.23126209430003, 2.1552378688642713, -2.833094090998591]
7751.4693839748 [1:1,4:3,1:1,4:3,3:2,4:3] [33.62996982132427, 0.28317157972022977, 1.0216250668813638, 0.31773141463960464, 10.458323842417823, 2.5753251975402236E-8] [7457.29706158792, 399.9471902457625, 165.4408803734721, 333.37380855889614, 0.1611469573917447, 0.6262952883681153, -0.9236361621334029, 0.9852216994465512, 0.4987264012702002, -0.35029101395290707]
7757.4933496931335 [1:1,4:3,1:1,4:3,4:3,3:2] [33.88869843051315, 0.2819337585261574, 1.0444712727093681, 0.32490674575837936, 10.470421180985172, 3.1424860935658216E-8] [7454.238879025716, 404.24436241103194, 166.74270125219033, 332.19336755276987, 0.15593044485771518, 0.6249558225205133, -0.9301249704104633, 0.9908228174227555, 0.07087163260860636, 0.49994182833458517]
7758.194328595102 [1:1,1:1,5:4,3:2,5:3,4:3] [34.19113744259448, 0.2800000002968529, 1.0220442840473956, 0.2800000002968529, 11.083844474561758, 1.0377334547229111E-8] [7454.278995853203, 403.63953695277957, 166.16807801633212, 332.72247286960976, 0.15726995732470406, -0.23327413537366715, 0.6973714373826285, 0.7252141442161234, 0.5374262421634868, -0.9608806105460207]
7760.001706150626 [1:1,4:3,4:3,3:2,4:3,3:2] [33.032688546184865, 0.2806859962244537, 1.013588367160915, 0.30601011383726284, 10.56695132696112, 5.243668056209572E-6] [7343.874430316251, 322.1386573340063, 110.74293478833188, 280.8534542691343, 0.1449861570688388, 0.5883368538712378, 0.06886028620535417, 0.49496669624683653, -0.35198486021100556, 0.49490254653948007]
7760.186659369226 [1:1,1:1,1:1,4:3,4:3,4:3] [32.09015087662095, 0.2969392685334394, 1.0224004863697638, 0.2969392685334394, 9.855217312121713, 5.766196409240365E-10] [7454.238879356303, 404.24436221150296, 166.7427014624741, 332.19336739860296, 0.1559304447093573, -0.23539493120018914, 0.03631826110539818, 2.150994537515401, 0.07089155042907687, 0.07086454777743653]
7767.3310354074 [1:1,4:3,4:3,3:2,3:2,4:3] [32.99925609360084, 0.28165539946092666, 1.0124817023097799, 0.3070995688644304, 10.532412196363135, 4.713365342468023E-8] [7356.951532639572, 309.8027410653495, 110.84585809489313, 280.47102944481355, 0.16017741014658554, 0.5870824879342919, 0.06925095225473689, 0.49421173794769624, 0.08914190732947028, -0.3502274498169192, 1.5062281756137068]
7770.010634327578 [1:1,1:1,5:4,4:3,3:2,3:2] [31.554004785648488, 0.28132504456695867, 1.0657198167081467, 0.28132504456695867, 10.470421150272722, 4.644971340894699E-8] [7454.238879130873, 404.2443623585763, 166.74270133088726, 332.1933674888489, 0.15593044478521495, -0.23539493073724646, 2.4428555953802995, 0.26985336831391804, 0.4999403870292631, 0.09141216248918363]
7770.242480559805 [1:1,5:4,1:1,4:3,3:2,3:2] [31.475184316546184, 0.28056002287211684, 1.0224004814727559, 0.28056002287211684, 10.470421175041045, 1.0457370080985129E-8] [7454.238860333103, 404.2443745439005, 166.74269022704627, 332.19337545400197, 0.15593045129128671, 0.3980257811657288, -0.6221646313199046, 2.1506558760065633, 0.49993254424667355, 0.09141838834248583]
7800.750975367074 [1:1,4:3,4:3,3:2,3:2,5:3] [32.65934406091717, 0.2816000528080104, 1.0125444269411672, 0.30703735974263086, 10.532057426665807, 5.911149855819531E-6] [7357.0550878476615, 309.6574517614723, 110.83990898997816, 280.49268824056725, 0.16050640886881604, 0.5871514689615467, 0.06922852863870481, 0.49425457014798097, 0.0891084396133227, 0.5299173716316641]
7826.666058612849 [1:1,5:4,4:3,3:2,3:2,3:2] [33.523055690482344, 0.30296960677588713, 1.015215048675447, 0.3065455066593074, 10.575748447241288, 2.964952727779746E-9] [7339.972105963339, 324.92989206165896, 110.60028755832779, 281.4180266348973, 0.14372685761437684, 0.3665873095137594, 0.2675359326139228, 0.49604581980746515, 0.08775056542252109, 0.08776510533470139]
7850.3315349458 [1:1,1:1,4:3,4:3,5:3,5:3] [31.382063293194875, 0.28000000054133195, 1.11046831660075, 0.28000000054133195, 10.888638190377193, 1.1128486221423373E-6] [7503.258170294258, 155.5423724950023, 321.6122424359711, 354.07639077313144, 2.980266184458904, -0.15939545768176663, 0.9247010545284321, 0.07798384000649902, 1.0010602825791375, 0.13215917258728324]
7851.241502987726 [1:1,1:1,5:4,3:2,4:3,4:3] [32.27904789633696, 0.2955013260869847, 1.0110095871970157, 0.2955013260869847, 10.535309690846331, 3.2206395371758845E-4] [7356.0356685259285, 310.0607012865021, 111.64072435159805, 280.4765351276173, 0.16358131911439422, -0.25645352746475797, 0.6888619782468912, 0.7145927755903523, -0.34611348735211134, 0.07028516729273003]
7854.3753214419385 [1:1,1:1,4:3,4:3,5:3,4:3] [31.34584177944689, 0.28000006218920787, 1.110470776419858, 0.28000006218920787, 10.89091515187936, 1.3278840924613178E-6] [7502.428790585026, 156.37434011028904, 321.6145924451738, 354.07373333570604, 2.981592728275945, -0.15940199711221748, 0.9247034772712485, 0.07798361188563806, 1.0010626270040865, -0.8801862854936712]
7856.4855486968645 [1:1,1:1,4:3,4:3,3:2,4:3] [34.74299822682212, 0.30378698389938, 1.0657198166299442, 0.3399379567207536, 10.470421181075341, 7.148628355935216E-10] [7454.238878952849, 404.24436247778965, 166.74270122883385, 332.19336754230295, 0.15593044483806173, -0.23539493022523503, 0.9904942553625572, 0.07090354060934538, 0.49988910555530996, -0.3527681591394251]
7871.230649066667 [1:1,1:1,4:3,5:3,3:2,3:2] [29.33508556907121, 0.2800000000000132, 1.002099934616893, 0.2800000000000132, 9.882213310355821, 6.375557859428227E-10] [7999.999999996359, 417.12652688990033, 142.5768950760247, 353.33695439389675, 2.9653458975492666, -3.0071883203999223, 2.2857899919176954, 2.1946153682960254, -2.871538401609791, 3.020351639165402]
7926.678918543198 [1:1,1:1,4:3,5:3,4:3,3:2] [29.90411901992734, 0.2799999999999231, 1.0020999346165478, 0.2799999999999231, 10.497417223932484, 2.3646862246096134E-11] [7999.9999999827905, 417.12652690309636, 142.57689506712416, 353.33695439977, 2.965345897546071, -3.0071883204037166, 2.2857899919210487, 2.1946153682977085, -2.352231511755559, 2.6662529561473782]
7930.7845562684015 [1:1,1:1,4:3,5:3,3:2,4:3] [29.8630626429166, 0.28000000000141323, 0.9887770146530643, 0.28000000000141323, 10.497417223903794, 1.7462298274040222E-10] [7999.9999999939, 417.1265268915751, 142.5768950738262, 353.336954394111, 2.9653458975479263, -3.0071883204112835, 2.285789991923872, 2.1946153682997593, -2.8715384016147754, -2.861686734534915]
7936.381537808196 [1:1,1:1,4:3,4:3,4:3,3:2] [31.173135786244547, 0.2799999967307952, 1.019621719596675, 0.3078854534891436, 10.48195063182649, 1.6895010048756376E-6] [7438.5905316006965, 412.46264336511314, 154.68413866196144, 340.24478830705556, 0.16638902749915763, -0.19013060606572635, 2.1897622055376296, 0.07486508081666009, 0.07482765116916798, 0.49179226432146733]
7937.356446928012 [1:1,1:1,5:4,3:2,4:3,5:3] [33.52134608368069, 0.2932864246450114, 1.0641553724736388, 0.2932864246450114, 11.073527499342976, 1.3372900684771594E-4] [7457.296703111034, 399.94724202563384, 165.44045757722853, 333.37411355624033, 0.16114751322137183, -0.2306610626565434, 0.6957220777722701, 0.723795164166776, -0.35020618201441295, 1.0561695218842928]
7937.730990128434 [1:1,1:1,4:3,4:3,4:3,5:3] [33.652044721866936, 0.2946352088109587, 1.0216250678022323, 0.2946352088109587, 11.073527703667002, 4.0849217839422636E-6] [7457.297065743217, 399.94718746922814, 165.4408819889337, 333.3738071499569, 0.16114695714663332, -0.2306627626350702, 0.9848970168394195, 0.07144524308926019, 0.07141952748539979, 1.0561580830984933]
7943.682137377604 [1:1,4:3,1:1,4:3,4:3,5:3] [32.27960856388811, 0.2815060019214795, 1.0216250672872826, 0.2815060019214795, 11.073527704101501, 7.970993465278298E-8] [7457.2970637470235, 399.9471881012191, 165.44088019076924, 333.3738084748296, 0.16114695926876485, 0.6262952904306754, -0.9236361620615319, 0.9852216993780006, 0.07141289047737646, 1.056258700010485]
7945.023579743845 [1:1,1:1,5:4,4:3,3:2,5:3] [34.34091430500278, 0.3022532093017824, 1.021625067739609, 0.3022532093017824, 11.073527673302012, 2.0590960048139095E-9] [7457.297065586371, 399.94718754549666, 165.44088192877106, 333.3738072230772, 0.16114695723727537, -0.23066276244807163, 0.6957228957965402, 0.26945388091949185, 0.49873118638060393, 0.5370071249890995]
7958.714455406812 [1:1,5:4,1:1,4:3,5:3,3:2] [29.81888635862097, 0.2810612689270797, 1.001925185851738, 0.2810612689270797, 10.567805595707457, 1.6454898468509782E-4] [7345.997520871016, 316.7304400858853, 118.17586446162507, 279.14078445202585, 0.17623453106469036, 0.3981499406648294, -0.5645757233140173, 0.9049716597696471, 0.979676499915471, -0.3054215608028397]
7977.981782724222 [1:1,4:3,4:3,4:3,3:2,3:2] [33.10715818748044, 0.281494169109799, 1.0126644258658808, 0.35158533720901686, 10.531417210702486, 1.7680577002465725E-8] [7357.239144357979, 309.3936467845062, 110.82849388559121, 280.53406947748226, 0.1611177615469759, 0.5872836276027875, 0.06918567181430288, 0.06921786468801013, 0.4942886075662985, 0.08907382031387502]
7989.3573647899575 [1:1,4:3,1:1,4:3,4:3,4:3] [31.41400833518558, 0.2816689165671059, 1.0124664148966651, 0.31978279222066613, 10.532500809043771, 6.939520972082391E-6] [7356.925487690053, 309.83892364614985, 110.84732192339472, 280.46575999255913, 0.16009640726603813, 0.5870657935552307, -0.9213793730916735, 0.9813846577456159, 0.06930074714563782, 0.06932542631578321, 1.3539108592058329]
8004.575674379222 [1:1,5:4,1:1,4:3,3:2,5:3] [33.36035651630821, 0.29931602642054134, 1.0212330252060768, 0.29931602642054134, 11.068770370379907, 7.527883499278687E-4] [7454.198347447318, 399.5595752741793, 160.36529790379464, 337.0994019287215, 0.16837381078076363, 0.4103437721701586, -0.6072038780699283, 0.9681204304328448, 0.4951145485864523, 0.5345644126749592]
8011.9628582818395 [1:1,1:1,4:3,5:3,5:3,3:2] [29.051279624458434, 0.27999999999994046, 1.0020999346166022, 0.27999999999994046, 10.497417223925266, 5.366018740460277E-10] [7999.999999986273, 417.126526899701, 142.57689506940605, 353.3369543982477, 2.965345897546881, -3.007188320402879, 2.2857899919202525, 2.194615368297244, 2.9807133559609764, -2.871514283831528]
8017.532964906903 [1:1,4:3,1:1,4:3,5:3,4:3] [29.22205381821072, 0.2842684864366558, 1.0092225366697012, 0.2842684864366558, 10.373923689997829, 2.7521159063326195E-4] [7971.525594013671, 408.04662258560535, 50.20625283157735, 184.97844188112958, 0.23408591704386958, 0.9572690912963294, -0.7889989009990053, 0.8747325752500366, 0.9686112777771232, -0.8170488655974415]
8066.976864013165 [1:1,1:1,4:3,5:3,5:3,4:3] [28.26641653173686, 0.28000000011871007, 1.01067872776252, 0.28000000011871007, 10.368889889066157, 3.456079866737127E-11] [7973.361100652324, 406.927048055296, 51.04648474672889, 183.41918867237163, 0.23521906290329145, 0.09191405502684226, 0.8601827556650756, 0.958439585763682, 0.1673717112269351, -0.7972754068240027]
8069.666668826033 [1:1,4:3,5:4,3:2,5:3,3:2] [32.761117020486836, 0.28233295598396446, 1.0118098062468732, 0.28370075234572145, 11.151997918953043, 0.004518597095739096] [7355.5963195566255, 311.48911953979837, 110.95586953177919, 280.27512645714023, 0.15699490765886961, 0.5866773573652464, -0.13950537414527373, 0.7174518676381231, 0.5295657992926961, -0.3463700752981961]
8071.862258201307 [1:1,1:1,4:3,4:3,4:3,4:3] [30.521760976036692, 0.2807123168036986, 1.1190677753078835, 0.3056973972394774, 10.9065949746286, 5.794012195110554E-4] [7500.039373760233, 161.0325506783184, 321.74923892864393, 355.007929271663, 2.9954893648547047, -0.17932069581054838, 2.1981660130406033, 0.07552470101176481, 0.07548565364308232, 0.0754542713990102]
8073.023978350875 [5:4,1:1,4:3,3:2,3:2,3:2] [28.37201624482905, 0.2822369640746512, 1.0296329903142099, 0.2822369640746512, 10.337204899672189, 3.4648448490770534E-5] [7300.194335740781, 336.0097835536824, 103.62989585448149, 190.18062346441488, 2.3852725761545894, 2.996090533848956, 0.8519669382348374, 0.4795421556742669, 0.12812665300198628, 0.12808699606359777]
8073.268885061162 [1:1,1:1,4:3,5:3,3:2,5:3] [28.43821935481921, 0.27999999999994424, 1.0020999346167687, 0.27999999999994424, 10.497417223916932, 1.064108801074326E-10] [7999.999999990385, 417.12652689570945, 142.57689507209662, 353.33695439650535, 2.965345897547855, -3.007188320401489, 2.2857899919191196, 2.194615368296679, -2.871538401610961, 2.613742744642137]
8078.321518866667 [1:1,4:3,4:3,4:3,5:3,3:2] [32.33029571171265, 0.28000000000002273, 1.0107848974564249, 0.28000000000002273, 11.150569891117563, 1.1459633242338896E-10] [7355.991965533742, 309.8472799835481, 111.82546051995348, 280.5257768280073, 0.16508519587702336, 0.5909275648903052, 0.07041713265137892, 0.07045028254613854, 1.0347546006499018, -0.342250966357026]
8079.302521015401 [1:1,4:3,1:1,4:3,5:3,5:3] [28.509176351721756, 0.28000026142769796, 1.0060556152924225, 0.28000026142769796, 10.569222644861203, 7.48768579796888E-5] [7345.216463259612, 314.5818327961278, 120.70176545463659, 279.2810570883289, 0.19123893262277067, 0.6191468327884152, -0.808234516193194, 0.886713494047504, 0.9653560098670431, 0.14227091483224572]
8087.651687882473 [1:1,5:4,4:3,3:2,5:3,3:2] [33.09637712330023, 0.289387105636859, 1.0126644259886461, 0.289387105636859, 11.146621038035754, 1.1759766493923962E-8] [7357.239144455437, 309.39364664573327, 110.82849387734059, 280.5340694967815, 0.161117761862741, 0.3651874004478485, 0.26697091487180485, 0.49431226072210266, 0.5299653233808801, -0.3479652924965767]
8092.7931271887555 [1:1,4:3,4:3,3:2,5:3,5:3] [32.67358584404419, 0.2818823258484156, 1.0122256197284867, 0.2883869728853583, 11.14924108976919, 1.508581844973378E-4] [7356.463875576627, 310.4597979533912, 110.87055057287505, 280.38282406815034, 0.15875787368109873, 0.5868052841535994, 0.06934303951474918, 0.4940364504371342, 0.5297925865890077, 0.11337100462768647]
8106.9742252412 [1:1,1:1,5:4,4:3,3:2,4:3] [30.872913824677678, 0.282885988714709, 1.0214598841196967, 0.282885988714709, 11.077914735669415, 3.617548463807907E-5] [7455.388465806471, 401.586845532341, 165.13751424937493, 333.63989165677793, 0.16033501094166583, -0.22959523174257007, 2.446533195449369, 0.26937229472415947, 0.4985075742676646, -0.3498456552072573]
8113.70640291442 [1:1,1:1,1:1,3:2,5:3,3:2] [23.393644226106826, 0.2800000000120892, 1.0251183158717667, 0.2800000000120892, 7.956582203292819, 5.102265276946127E-10] [7949.671021796691, 94.14262503529415, 399.41423221575246, 165.5533485604137, 0.1928661718740361, 3.0299593001571092, 0.04570200322220977, 1.4249541432468595, 0.5832421735221041, -0.15412695629122994]
8124.6918813242555 [1:1,4:3,5:4,3:2,3:2,4:3] [32.82506384932021, 0.28149416897234136, 1.012664425978383, 0.29926181666580925, 11.14662103804518, 2.5320332497358322E-9] [7357.239144450737, 309.3936466332522, 110.82849389065848, 280.5340694993873, 0.16111776196421496, 0.5872836275775836, -0.14031549427116397, 0.7189118618770075, 0.08906398963243525, -0.3504504933598726]
8130.084261598142 [1:1,1:1,1:1,3:2,3:2,3:2] [24.544639867778415, 0.30291121198409066, 0.989785887142446, 0.30291121198409066, 7.421372653828128, 1.4931754049030133E-4] [7344.090051611017, 317.47050123846367, 198.92672764871645, 171.93111816065107, 2.9602215565402297, 0.08879905394256694, 3.0974942976391175, 1.669500994876919, 2.970148096578635, 2.970223178494193]
8136.223668449707 [1:1,5:4,1:1,4:3,3:2,4:3] [34.34868041531619, 0.3072075396936902, 1.022400481592496, 0.32885443416051563, 11.085625043874115, 1.727901692434017E-4] [7454.238860513618, 404.2443746181704, 166.74269052232455, 332.1933752167712, 0.15593045078875464, 0.3980257805216185, -0.622164632089994, 0.990936778775774, 0.49991962007558305, -0.3528487914684375]
8137.044875912248 [1:1,4:3,4:3,5:3,3:2,3:2] [27.950993232123775, 0.28000010642772233, 0.9977610815188611, 0.28000010642772233, 10.579784168797524, 2.4874167138477787E-5] [7341.528153485576, 315.76173147800796, 124.24486818771568, 278.4156411263836, 0.20109861466314813, 0.6315251875668821, 0.08755204285607812, 0.9459414320268794, -0.27505424257572136, 0.11709620278528059]
8137.495493464603 [1:1,1:1,4:3,5:3,4:3,5:3] [27.54430214881307, 0.2800000000009466, 1.016651030934667, 0.2800000000009466, 10.359620575772494, 3.1905074138194323E-9] [7976.931041384429, 404.04220075993385, 50.67758922028884, 183.2873146603561, 0.24131645039226526, 0.09094665396968955, 0.8601772654452392, 0.9584406659062475, -0.7972679155161484, 0.9585474874313445]
8148.654713174632 [1:1,1:1,4:3,5:3,4:3,4:3] [27.808984593018987, 0.28362541252514056, 1.014412970729799, 0.28362541252514056, 10.360562372349907, 0.0026277060496795457] [7976.452962677953, 404.79140212378377, 51.80274852947421, 181.7569452604594, 0.2386761900227535, 0.0900968107058526, 0.8469228955199819, 0.9496948552048708, -0.7788072908586875, 0.0962481116035999]
8150.221078717232 [1:1,4:3,4:3,3:2,4:3,4:3] [32.952597804125354, 0.2814941688777477, 1.012664426050143, 0.30691832259283214, 11.146621068396351, 2.99842213280499E-8] [7357.2391445276435, 309.39364655718725, 110.82849386152995, 280.53406951030547, 0.16111776200925937, 0.5872836275344797, 0.06918567172300513, 0.49433662150805413, -0.35055579206143295, 0.06925138684289434]
8153.012879569986 [1:1,4:3,4:3,5:3,4:3,3:2] [28.549943154038463, 0.2800000005476136, 1.005333063611232, 0.2800000005476136, 10.995247574286578, 1.5029218047857285E-7] [7969.1464374467805, 410.43062019752597, 51.162268870159814, 183.87372894422742, 0.22979292978840762, 0.943155018925769, 0.09216574937591102, 0.9606702953019971, -0.8017560453674568, 0.4808689829381082]
8156.56852741916 [1:1,4:3,5:4,3:2,3:2,5:3] [32.50629737572467, 0.281494168900115, 1.0126644260276079, 0.2992618165783858, 11.146621037868945, 1.3897079043090343E-9] [7357.239144506099, 309.39364659956306, 110.82849385573147, 280.5340695036359, 0.16111776186815138, 0.587283627519341, -0.14031549433892695, 0.7189118619997024, 0.08906398959037992, 0.5299518877173252]
8158.101607998464 [1:1,1:1,1:1,3:2,3:2,4:3] [24.530646867741982, 0.2957047374299395, 1.0110995753941912, 0.2957047374299395, 7.962231361930246, 8.02802860562224E-5] [7908.096223622684, 328.65051828019, 126.83158163698293, 205.69146918020016, 2.9593066412710107, 2.8677273946572313, 0.04468452515226161, 1.4848025744098956, 0.17759066410605415, -0.19816612580800452]
8162.36355649068 [1:1,4:3,5:4,3:2,4:3,3:2] [32.599691451659105, 0.28208052488561886, 1.012003396129703, 0.2999325292016929, 11.150982186356742, 3.933239549951395E-4] [7355.919336176405, 311.1500291308724, 110.89251563694198, 280.30657446432906, 0.15737779030928248, 0.5865705990499258, -0.13974439231839988, 0.7178811479771192, -0.34946164306865934, 0.49379335377055794]
8167.9093820145445 [1:1,5:4,1:1,4:3,4:3,3:2] [34.48358727127595, 0.30720753094858894, 1.0280947736130117, 0.33986909904828005, 11.085625018337838, 4.369212547317147E-9] [7454.238879186526, 404.2443622203228, 166.74270126245244, 332.1933675473563, 0.1559304450008029, 0.3980257642715687, -0.6221646564668941, 0.9909368165471625, 0.07086172233426836, 0.49995536441883526]
8171.886165641323 [5:4,1:1,4:3,3:2,5:3,3:2] [28.677822842199156, 0.2837675291393796, 0.9975810971032121, 0.2837675291393796, 10.961565713565463, 2.7472513465909287E-5] [7296.81230798198, 341.4648025469032, 102.16872073392437, 189.53136360060378, 2.39806608838882, 0.14446578874916918, 2.295446711743521, 0.47912375558932246, 0.537712206472569, -0.25833845516654197]
8174.206360697828 [1:1,1:1,5:4,5:3,3:2,3:2] [26.112926300945862, 0.27999999999983527, 0.9996746106284459, 0.27999999999983527, 9.776859634353697, 3.80168785341084E-10] [7964.468935672368, 415.5872740761931, 53.37657015186914, 180.89306392229736, 0.22310328069346153, 0.09150423639316248, 0.6112841531662866, 1.2623669802499045, -0.25075849211585444, 0.13459653339069355]
8185.1187779656275 [1:1,5:4,4:3,5:3,3:2,3:2] [28.21586478507186, 0.280005974339699, 1.0101695253393221, 0.280005974339699, 10.987791988018081, 6.075424607843161E-10] [7972.046438909291, 407.54037174507414, 50.00000000442006, 185.20310443421454, 0.23511815410687867, 0.7000367057091743, 0.26632791262414013, 0.9703746710297563, -0.2824928883309752, 0.11926837248410152]
8188.102629266645 [5:4,1:1,5:4,3:2,3:2,3:2] [28.40479661716318, 0.2828312356965905, 1.0295176133824844, 0.2828312356965905, 10.952824430021266, 3.396395914023742E-5] [7300.021211207417, 336.2849126851035, 103.51806726463812, 190.16916468063474, 2.3859996503627876, 2.996032352871407, 0.6195844960688567, 0.6670905903853949, 0.12818439514092256, 0.1281449023348619]
8189.911414772185 [1:1,4:3,4:3,5:3,3:2,4:3] [28.18145954626218, 0.2800000000966105, 1.0052147580488267, 0.2800000000966105, 10.995521957044907, 5.479232640936971E-7] [7969.043017888641, 410.5215843364493, 51.16947365669225, 183.8757783241026, 0.2296697700072523, 0.9431793798588346, 0.09216617911332373, 0.9606688508981377, -0.27207876039205137, -0.2814630720571579]
8200.539884600628 [5:4,1:1,1:1,4:3,5:3,3:2] [26.89923777698986, 0.2800000133536523, 0.9906748227759365, 0.2800000133536523, 10.35160096095023, 3.7998988773324527E-6] [7298.280008089106, 343.101201203254, 109.19839194149188, 182.77887959562375, 2.410215185511491, 0.12201734693872121, 0.04239932672392369, 2.3253100285687793, 0.9316522419472187, -0.23010137792381874]
8201.217422343538 [1:1,4:3,1:1,3:2,5:3,3:2] [24.699944813860327, 0.28000001200865143, 1.021374496439635, 0.28000001200865143, 9.151056994557234, 2.7284841053187847E-11] [7923.012095629485, 313.2614153956737, 126.53672514027608, 206.18758877194037, 2.937763038663981, 1.993904516378281, -0.6416774333027848, 1.5065679821288003, 0.5648667865922014, -0.1735593121093916]
8203.748584342959 [1:1,1:1,1:1,3:2,5:3,4:3] [23.616738699259944, 0.28000000005670905, 1.0251183155914871, 0.28000000005670905, 8.571786011189078, 1.5460500435438007E-8] [7949.671023105942, 94.14262414026994, 399.4142323759218, 165.55334820410258, 0.19286617036212395, 3.0299593008676378, 0.04570200323168212, 1.4249541422746734, 0.5832421736939688, -0.6392266530903293]
8203.880912322322 [5:4,1:1,4:3,3:2,3:2,4:3] [27.96168309165442, 0.2800000008284341, 1.008638834451558, 0.2800000008284341, 10.951671084028309, 7.753242243779823E-7] [7301.104642647833, 335.39293702544796, 105.00699620858703, 189.15094019186876, 2.3855722335721397, 0.14125241435181943, 0.847180136220665, 2.6623739084235787, 0.13017432381427038, -0.270275654777965]
8218.593005666455 [1:1,4:3,4:3,4:3,3:2,5:3] [32.50849035031877, 0.28218407693826875, 1.0118863607966844, 0.3087916002747314, 11.152117302247227, 1.738097780616954E-4] [7355.553226527005, 311.59419754680454, 110.90356274390005, 280.2659488027398, 0.15654022510220514, 0.5864440963906883, 0.0694658592706822, 0.06949828656208916, 0.4937567043901409, 0.5296259319780602]
8219.3670547755 [1:1,1:1,1:1,3:2,5:3,5:3] [23.328393350289932, 0.28000000002044645, 1.018923654971146, 0.28000000002044645, 8.499418971056597, 7.09405867382884E-11] [7400.492460800114, 405.1634549991821, 55.74539879012864, 171.769587765444, 2.898352929166586, 3.055579948564512, 0.043962070479402246, 1.6438475845483063, 2.5870104600769013, 2.903316986037969]
8226.057515958235 [1:1,5:4,5:4,3:2,3:2,3:2] [33.087804685840474, 0.3031419707091712, 1.0126644261029565, 0.3031419707091712, 11.146621007105654, 1.7918864614330232E-8] [7357.239144548734, 309.39364654457324, 110.82849384815626, 280.5340695099519, 0.16111776197130998, 0.36518740025588176, 0.060281616900788974, 0.7188579966955826, 0.08908203332893137, 0.0890979244150623]
8226.960391534185 [1:1,1:1,5:4,4:3,4:3,3:2] [29.449107863261602, 0.2979483258310615, 1.119892356042838, 0.2979483258310615, 10.900999420327118, 0.004934229593345663] [7502.550304829261, 158.9390398075222, 322.00009737150094, 354.80681634808593, 2.9946847715912894, -0.18147261684098262, 2.4678976953700205, 0.2664384611714406, 0.07528739496378087, 0.4899742384176649]
8266.271162799316 [1:1,5:4,1:1,4:3,5:3,4:3] [28.927038302501526, 0.2949913187067522, 1.0036962464185228, 0.2949913187067522, 10.99841247917316, 5.703151364286896E-4] [7967.927740402953, 411.6603247515505, 51.57559227258654, 183.38670490081458, 0.22796762178102317, 0.6865406528888277, -0.5245788904004118, 0.8589556711429902, 0.9575678456378742, -0.7954451125928453]
8268.058731310617 [1:1,4:3,1:1,3:2,3:2,3:2] [24.689912996104116, 0.29700773306549766, 1.0118981001047052, 0.29700773306549766, 8.580267151622067, 1.4053330232854933E-6] [7906.901392586209, 329.6200945026529, 126.14660276352079, 206.4412429677368, 2.9606704809872726, 1.9888621671535147, -0.6446733569490258, 1.5694073390093968, 0.1743231912967902, 0.17424870077882582]
8269.061256560952 [1:1,5:4,4:3,3:2,3:2,4:3] [33.05740707231366, 0.30529688929477483, 1.0126644260187962, 0.30897983546420754, 11.14662103816159, 1.9512299331836402E-8] [7357.239144419922, 309.39364671846613, 110.82849386573898, 280.53406948161063, 0.16111776161235739, 0.3651874002235994, 0.2669709148915008, 0.49431226078342844, 0.08906335944775431, -0.35045855417014665]
8275.012449917216 [5:4,1:1,4:3,5:3,3:2,3:2] [27.422669123826307, 0.28174611492527724, 1.0112973751909529, 0.28174611492527724, 10.950407730341434, 2.128217602148652E-10] [7301.116861978908, 334.6533429902865, 104.31688428451766, 190.11920660758418, 2.3817737038698246, 0.14467221493902901, 0.8526590312143079, 0.9528503336025945, -0.2636459636745958, 0.12790303928926425]
8277.7776839551 [1:1,5:4,4:3,3:2,4:3,3:2] [32.9702470251988, 0.30529689849568514, 1.0126644195264414, 0.30897984562692876, 11.146621057615906, 1.8166610971093178E-7] [7357.239138879849, 309.3936537798642, 110.8284948915344, 280.53406850010595, 0.1611177487220039, 0.36518740896193286, 0.26697091281704083, 0.49431225429078635, -0.3505006570554954, 0.4942502607013644]
8280.677667946935 [1:1,1:1,5:4,5:3,3:2,4:3] [26.542278872051682, 0.28000016492552526, 0.9916379621387597, 0.28000016492552526, 10.594826374281327, 3.3655730476311874E-5] [7335.685204556521, 320.9670871067192, 129.1821743985569, 273.767167457186, 0.2002064882466712, -0.08134774231660029, 0.5999284886172482, 1.210482182381101, -0.24128203574542492, -0.2551041560015795]
8282.571676308422 [5:4,1:1,4:3,3:2,4:3,3:2] [27.16577488772815, 0.27999999722624086, 1.0140431439148958, 0.27999999722624086, 10.946734481990028, 2.1871583157917485E-6] [7303.821136146907, 332.30758606170565, 106.92859932837412, 188.5115937148431, 2.379442202002401, 0.13668781537837443, 0.8474901727919248, 2.662313319647964, -0.27039708026006515, 0.4793008237324618]
8285.480235660987 [1:1,1:1,5:4,5:3,4:3,3:2] [26.493705909487833, 0.28000002655325046, 0.9994890022580227, 0.28000002655325046, 10.594647257552818, 5.385020813264418E-6] [7335.739840796247, 320.83055577322415, 129.20423740173848, 273.81621341345954, 0.20062593523855782, -0.08144580776872223, 0.5999455446923555, 1.2105308928828462, -0.7374814348755854, 0.47010994307441034]
8297.339608428689 [1:1,4:3,4:3,5:3,5:3,3:2] [27.079573010414244, 0.2800000000483734, 1.013250636595567, 0.2800000000483734, 10.980407441249753, 2.255546860396862E-10] [7974.797729758781, 405.6567162266028, 50.66367772211799, 183.72586526697467, 0.23793160252097312, 0.9413979825661166, 0.09213488847056646, 0.9607738558237673, 0.16539140844430708, -0.2721897314186051]
8297.372052502855 [1:1,4:3,4:3,3:2,5:3,4:3] [31.726541708925147, 0.29066559525692326, 1.0065457330350531, 0.2952267018227298, 11.164914706931393, 0.001542282108857762] [7351.595914199318, 313.88928447688573, 113.57356267500573, 279.9751135857527, 0.16401204388743448, 0.5951184571115548, 0.07293701153405761, 0.48789257284343757, 0.5262614194727511, -0.9073462642696867]
8299.09307191399 [1:1,1:1,5:4,5:3,5:3,4:3] [27.147624392899083, 0.28000007652924713, 1.000925855460077, 0.28000007652924713, 11.002448708525296, 1.0456685413373634E-4] [7966.254495742456, 413.9009956053242, 53.321942347231406, 180.8739168536599, 0.22449467159847358, 0.09137573885268703, 0.6112829207441477, 1.262363841759309, 0.18188534580716004, -0.7661746774335185]
8304.336232918888 [1:1,5:4,4:3,3:2,3:2,5:3] [32.70465728096324, 0.3052968892504549, 1.0126644260852422, 0.30897983542073865, 11.146621037704941, 5.3041731007397175E-9] [7357.239144552816, 309.39364654104446, 110.82849384642843, 280.5340695115542, 0.16111776197059077, 0.36518740031961905, 0.26697091490253716, 0.49431226081763047, 0.08906335942111397, 0.5299540995154969]
8311.680807506224 [1:1,4:3,1:1,3:2,5:3,4:3] [24.719243652198436, 0.28000000594197844, 1.0208225535178899, 0.28000000594197844, 9.766482204660548, 6.815350388933439E-6] [7923.014741038965, 313.41320987608276, 126.53825518696559, 206.11510987158974, 2.9385947407100343, 1.9947091273835253, -0.6416666578851487, 1.5065451308200257, 0.5648960851639396, -0.6541973575526513]
8322.039235440017 [1:1,1:1,5:4,4:3,4:3,5:3] [31.66505410527136, 0.2985126368889893, 1.0126644259862088, 0.2985126368889893, 11.146621007454435, 7.272319635376334E-9] [7357.239144445188, 309.39364664341963, 110.82849388955732, 280.5340694970971, 0.16111776193244048, -0.26527822425768655, 0.6941379592240071, 0.2669653358879062, 0.06923499490004552, 1.0447758159908835]
8326.933372637393 [5:4,1:1,4:3,3:2,3:2,5:3] [26.728296389350703, 0.2800000025584814, 1.010456586138772, 0.2800000025584814, 10.950101772359007, 1.5057139535201713E-6] [7301.925149475299, 334.3938438921374, 105.60594814542154, 188.97789020131725, 2.3835043622810934, 0.14001790782542983, 0.8472662240477782, 2.6623571407267645, 0.13015118823870372, 0.5375943265231835]
8338.746803065907 [1:1,1:1,5:4,5:3,5:3,3:2] [25.584193469434517, 0.28000000000007863, 1.000622443420476, 0.28000000000007863, 10.388315674067961, 2.0736479200422764E-10] [7965.856685778204, 414.2729091598142, 53.33614697893897, 180.87894476011866, 0.22416265706209695, 0.09140933213895629, 0.611283349929142, 1.2623650248155664, 0.1818845894095809, -0.25075664317968704]
8343.336898830548 [1:1,1:1,5:4,4:3,5:3,5:3] [30.617477119232273, 0.2838261351654426, 1.003340625826493, 0.2838261351654426, 11.178092087716884, 9.37774928388535E-4] [7347.291508898959, 317.5091249833641, 115.13248775748312, 279.60940836853626, 0.16425654745496798, -0.22132549123063106, 0.6667264153681572, 0.26410494611539426, 1.0022363303975772, 0.12593478681809947]
8346.265203609984 [1:1,4:3,4:3,5:3,3:2,5:3] [26.617733110369237, 0.2799999999661657, 1.0052593390468618, 0.2799999999661657, 10.99541829274417, 8.182050805771723E-7] [7969.0820863618865, 410.4872055111281, 51.166760449536724, 183.8750069696625, 0.22971619021664533, 0.9431702107578911, 0.09216601709950768, 0.9606693953933063, -0.2720793285956436, 0.5359687075537459]
8347.840808254114 [1:1,5:4,1:1,3:2,5:3,3:2] [24.41752729434546, 0.2800000052661302, 1.0098278436943582, 0.2800000052661302, 9.79927986178735, 4.120010999031365E-10] [7911.655244650592, 325.82127460158796, 127.54098333280052, 204.6836720235912, 2.957518907935099, 2.2943779100366917, -0.43518233345731844, 1.4522120209917868, 0.5691986719775268, -0.16626606602773975]
8350.223988952908 [1:1,4:3,5:4,4:3,3:2,3:2] [33.045168145243224, 0.2814941691681726, 1.0126644258451027, 0.34877032163405863, 11.146621038373924, 2.576052793301642E-8] [7357.239144354931, 309.39364673061675, 110.8284939247531, 280.53406948800136, 0.1611177618923816, 0.5872836277363667, -0.1403154940875228, 0.2669518225812204, 0.49426429294589513, 0.08909368283473251]
8352.193027826252 [1:1,1:1,1:1,3:2,3:2,5:3] [22.520646725535276, 0.29502999434767707, 1.010991077372607, 0.29502999434767707, 7.961318090784299, 7.915414516901365E-5] [7908.507409422491, 328.408481521318, 126.5887138641913, 205.84280138263725, 2.9599305279687433, 2.8673616717963566, 0.04461153737185321, 1.500962654138574, 0.1764901184728968, 0.5652038081992401]
8373.608958809218 [1:1,4:3,4:3,4:3,3:2,4:3] [32.95206969563572, 0.2814941688702627, 1.0126644260420548, 0.3515853369392361, 11.146621068492069, 3.5270204534754157E-9] [7357.239144501839, 309.39364660931557, 110.82849385360404, 280.5340695010622, 0.16111776183188173, 0.5872836274684362, 0.06918567172052316, 0.06921786459415229, 0.49428860774582956, -0.35047048554527177]
8391.078047768799 [5:4,1:1,1:1,4:3,3:2,5:3] [26.145960595025933, 0.29149414726678474, 0.9926229117817984, 0.29149414726678474, 10.352878025236299, 1.151693104475271E-4] [7294.527627663788, 344.74022509775347, 101.69955330103397, 189.10514412757252, 2.403660121775689, 0.143365387864694, 0.041159471900363606, 0.8432629465608068, 2.662652571943159, 0.5382604067878142]
8400.928832480336 [1:1,1:1,1:1,3:2,4:3,3:2] [23.210863278989255, 0.29687312158181284, 1.0264888634089544, 0.29687312158181284, 8.505123133970978, 3.0582257750211284E-5] [7969.316145480625, 79.3270810616718, 399.89054483278164, 380.2470560927185, 0.17237002525618705, 3.0351899200293295, 0.04519373722875234, 1.4923974569588028, -0.1944739621789981, 0.485283334966834]
8417.748672014986 [1:1,1:1,4:3,5:3,5:3,5:3] [25.30912206243222, 0.2799999993841172, 0.9944706987554301, 0.2799999993841172, 10.670282969865346, 9.870373105513863E-7] [7307.144271200689, 344.5678578011133, 128.04301403420095, 278.86606836411175, 0.18764824295091342, -0.1090721272284368, 0.8390585194916435, 0.931217893831445, 0.1665844646088507, 0.1666080181392062]
8426.94711596606 [1:1,4:3,1:1,3:2,3:2,4:3] [24.114821033403203, 0.29615976764637614, 1.03221038572931, 0.29615976764637614, 9.181787823275819, 1.8689720491238404E-5] [7952.718875688032, 90.94967076531753, 397.42442406067624, 168.83605685263905, 0.17971399466865542, 2.2893260716953243, -0.6416318054429619, 1.5714869318339466, 0.1808859582416036, -0.19773302314322894]
8434.566938384916 [1:1,1:1,5:4,5:3,3:2,5:3] [25.072128520010786, 0.2800000003896864, 0.9996746103422184, 0.2800000003896864, 10.392063538779887, 1.4915713109076023E-10] [7964.468935306313, 415.5872744724703, 53.37657026773186, 180.89306376054014, 0.22310328033699928, 0.09150423633282095, 0.6112841524221205, 1.2623669777734292, -0.2507584910132548, 0.5399336308067159]
8439.353150641111 [5:4,1:1,1:1,4:3,4:3,5:3] [27.202990249689375, 0.29592995455523424, 1.0070985780445467, 0.29592995455523424, 10.953334040568931, 5.875335773453116E-10] [7299.81221051041, 336.6195172098406, 103.38592026442294, 190.1528423961674, 2.386874104642035, 0.14561538054301293, 0.04081887400310173, 2.2901106846443366, 0.09482695801096809, 0.9521600638893118]
8440.23656181039 [5:4,1:1,1:1,4:3,3:2,3:2] [27.65840481269493, 0.3222341138599276, 1.0241137612325844, 0.3222341138599276, 9.767205450378087, 9.487848728895187E-9] [7283.824845358444, 356.3438030623909, 101.21806857789873, 188.76933439887006, 2.41447502839509, 2.999111032286049, 0.0412532429604076, 0.8411000920840738, 0.47882968465872205, 0.13277788084237438]
8441.045632699494 [1:1,4:3,4:3,4:3,4:3,3:2] [33.047889125825165, 0.28149416885050893, 1.0126644260674922, 0.36698906034286294, 11.146621068375918, 5.758920451626182E-9] [7357.239144532642, 309.39364654743855, 110.82849386310525, 280.53406951101397, 0.16111776204149425, 0.5872836275069848, 0.0691856717124341, 0.06921786458604927, 0.06924328137617801, 0.4942584037417057]
8442.136561355175 [5:4,1:1,1:1,3:2,5:3,3:2] [23.444332387991643, 0.280000233344926, 1.0229595817565011, 0.280000233344926, 9.782559628569134, 5.2950604185753036E-5] [7282.0913813892885, 343.38790186149515, 142.1101742763521, 166.44124467401562, 0.7879653844408924, 3.0277789442394485, 0.0456885021692459, 1.4259484996285006, 0.5830110882146508, -0.1544122010053765]
8445.988804611161 [1:1,1:1,5:4,4:3,5:3,4:3] [29.225029818735877, 0.2801055391124613, 1.0200264190581192, 0.2801055391124613, 11.178470050093736, 3.320292125863489E-5] [7927.346629201538, 311.89999186371824, 123.4325330404076, 277.05611423926337, 2.9510110794912414, -0.16593520524883335, 0.6732278618383466, 0.2678426892502936, 1.021649552927938, -0.9054384458039727, 1.2956603274819372]
8449.155883281399 [1:1,5:4,1:1,4:3,5:3,5:3] [29.347464772176863, 0.28099868723482296, 0.9983470110485944, 0.28099868723482296, 11.181687505195693, 7.058501614665147E-5] [7346.412982308543, 316.16977148113153, 118.18028762051205, 279.21418804942607, 0.1773844481926806, 0.3983232759048102, -0.5647654704943686, 0.9052261034589261, 0.9798792445956579, 0.1350321715657084]
8449.925932696364 [1:1,1:1,1:1,3:2,4:3,4:3] [24.105178245460273, 0.29857013354127016, 1.0235407572283535, 0.29857013354127016, 9.170326591735376, 2.180195224354975E-5] [7950.3632650387, 93.86254733958489, 399.9769094712634, 383.8875858168266, 0.19368088157504415, 3.038204190538937, 0.04536349250517695, 1.4618512010684055, -0.19119842287618036, 0.12983742780252736]
8464.279622999036 [1:1,4:3,5:4,5:3,3:2,3:2] [25.528231372894357, 0.2800000733835358, 0.9998645136953022, 0.2800000733835358, 11.004067898495418, 1.7429641047783662E-4] [7965.542194052394, 414.94445138984463, 54.271029746624166, 179.47277169402227, 0.2230674871813992, 0.898770694840441, -0.08355954844295922, 1.2431949042919765, -0.24163360388529398, 0.13934339676350802]
8469.749290495405 [1:1,4:3,1:1,3:2,5:3,5:3] [23.198679672304113, 0.2800000047038848, 1.0098341158533122, 0.2800000047038848, 9.799404036754552, 6.950376700842753E-7] [7911.718512780443, 326.0604108422695, 126.54895837637203, 205.48190438617905, 2.9601385039935764, 2.001674743239007, -0.6415728396413605, 1.5063473737533601, 0.5651514656339657, 0.25019471623245987]
8470.43847500189 [1:1,4:3,4:3,3:2,4:3,5:3] [27.14382129021772, 0.29759687492546977, 1.0037629508660353, 0.29759687492546977, 10.99828169562069, 0.001253151322089252] [7967.978285230225, 411.6075745983856, 51.555797849913326, 183.41145842221513, 0.22804339994864942, 2.2039372420254866, 0.09321822506815258, 0.48045107436162815, -0.27848885142158225, 0.957877439080219]
8480.927872553013 [1:1,4:3,1:1,3:2,4:3,4:3] [25.029216944137147, 0.29972739709228086, 1.0099680246795333, 0.29972739709228086, 9.782469087162525, 9.236020559910685E-5] [7918.427901319931, 320.30654688579807, 126.74503226717326, 204.85420375301842, 2.9562650996190563, 2.009411629060547, -0.6400713627585481, 1.4925081585383937, -0.19859558023686347, 0.12472948759063533]
8483.587783692788 [1:1,5:4,4:3,4:3,3:2,3:2] [33.13659510860786, 0.30529688928266496, 1.0126644260658295, 0.3534689020464001, 11.146621037762703, 6.6338543547317386E-9] [7357.239144534716, 309.3936465514325, 110.82849385819415, 280.5340695104959, 0.16111776200582872, 0.3651874003632181, 0.26697091489535635, 0.06923069921892984, 0.49426479060307266, 0.08909218977075678]
8502.445874444027 [5:4,1:1,1:1,4:3,5:3,5:3] [25.347797740202562, 0.28097630380058547, 0.9909391123171346, 0.28097630380058547, 10.963043440268379, 7.037488103378564E-7] [7300.7896035379, 341.3962544661788, 111.05222591072798, 181.2561541127099, 2.4119113184243055, 0.11600619947625546, 0.04258736197897238, 2.3290198037100356, 0.929887871239915, 0.20268927271380635]
8506.044773314195 [1:1,5:4,1:1,3:2,3:2,3:2] [23.48928644182275, 0.29775902647322783, 1.0291276857058056, 0.29775902647322783, 9.184309535208222, 1.0532934993534582E-4] [7951.354253236707, 92.36266816661315, 398.2426250588852, 167.52592515683537, 0.1855549661255225, 0.6387465141305604, -2.706468301066472, 1.4764208779205836, 0.18507013118656632, 0.18498780987189534]
8512.360913467895 [1:1,5:4,1:1,3:2,5:3,4:3] [24.44563254742425, 0.2794929355713418, 1.0097222744091965, 0.2794929355713418, 10.4133323867581, 3.3337103559460957E-4] [7912.152498274153, 325.48361984593083, 127.36902268643323, 204.77274859262872, 2.9578874531738815, 2.2934668468532915, -0.4360622285797579, 1.4597128282419094, 0.568487127869236, -0.647396448999016]
8516.823357772915 [5:4,1:1,1:1,4:3,5:3,4:3] [26.59259470995185, 0.2817934034618677, 0.9889145414269876, 0.2817934034618677, 10.965698769605686, 1.0268282949255081E-4] [7300.283091857434, 342.58077476247297, 111.7735458805131, 180.32017249855585, 2.4152217600084964, 0.11333824085878662, 0.04274787383082396, 2.3321905468660433, 0.9284051453797176, -0.7238054830149234]
8527.49180114369 [5:4,1:1,1:1,3:2,3:2,3:2] [24.199391723203306, 0.2968468908724937, 1.024644970137138, 0.2968468908724937, 9.740906868524307, 4.830043690162711E-5] [7285.530084245409, 340.7608721374353, 141.2801635322304, 379.38771033415316, 0.7879363534651813, 0.13075081944083244, 3.0964430658544333, 1.4847330297492185, 0.1829083773203594, 0.1828273032311874]
8529.24833444012 [1:1,4:3,1:1,3:2,4:3,3:2] [23.722315956909437, 0.30345635489378575, 1.0337797232028376, 0.30345635489378575, 9.127385003434128, 6.646413839916931E-5] [7396.179538606192, 72.70538993015096, 395.05439022607794, 169.58008564361268, 2.953080581971514, 2.324720141945318, -0.6376164356228963, 1.6908988191068124, -2.9422669330611124, 2.6658127363297512]
8530.611523559737 [5:4,4:3,1:1,4:3,3:2,3:2] [28.250894415698145, 0.308301929444917, 1.0280632896936186, 0.32290493538408355, 10.94957739013034, 6.783920980524272E-8] [7301.561227724355, 334.084063198992, 104.69181694242666, 190.0102719265138, 2.3804374161950843, 2.125599474995094, -0.7610354734039508, 0.8528816028212343, 0.47962648117194934, 0.1278020219766614]
8532.855084489227 [5:4,1:1,4:3,4:3,3:2,3:2] [28.1789370560922, 0.30866223534289194, 1.0299163612190305, 0.32155532964188704, 10.949519395105328, 5.476920705405064E-6] [7301.594169889814, 334.0444296989407, 104.72057082966617, 189.99996885133612, 2.3803502947116755, 2.9977128163957536, 0.8526132843603735, 0.09453722657899769, 0.47962599842455367, 0.12780715453506172]
8537.78466420466 [5:4,1:1,1:1,3:2,5:3,4:3] [23.64232181719386, 0.2800000000004958, 1.038718396854708, 0.2800000000004958, 10.414876635232883, 3.901732270605862E-10] [7276.15752665084, 419.7285597769322, 72.4539609443521, 166.0073807112737, 0.8581048867615542, 3.028863486752307, 0.045695082049252746, 1.4254688953120909, 0.5831237969683206, -0.6393591351141021]
8544.410578417974 [1:1,4:3,1:1,3:2,3:2,5:3] [23.04416211006401, 0.2969488834116499, 1.0119147902401335, 0.2969488834116499, 9.195545826367871, 2.611271156638395E-6] [7906.868534351347, 329.6427176447501, 126.14664126792408, 206.44591614421816, 2.9606629101024016, 1.9888098481135512, -0.6446732010597604, 1.5725030408348732, 0.1743223695468621, 0.5632498958229767]
8552.455323023605 [1:1,5:4,1:1,3:2,3:2,4:3] [24.224792887101827, 0.2984599385507728, 1.030095029436018, 0.2984599385507728, 9.802951700569668, 1.4170443591865478E-4] [7949.871804473871, 93.30341953769013, 397.8765062473592, 168.20712933740143, 0.18658634057329007, 2.50126185311179, -0.43623288742403177, 1.4883612430803193, 0.18403501622140567, -0.19388544819540757]
8565.498666414274 [1:1,5:4,1:1,3:2,4:3,3:2] [23.944182012154517, 0.29738556882369344, 1.0105099552053234, 0.29738556882369344, 9.779830107819228, 5.948498073848896E-5] [7919.39258714648, 319.34744611543016, 126.70550357555642, 204.88895718914625, 2.955141451118538, 2.291452128758948, -0.43946534989164754, 1.4960995103515935, -0.1989006396842628, 0.4806094837570668]
8588.63218063771 [5:4,1:1,1:1,4:3,3:2,4:3] [27.726328533907594, 0.32253204430608895, 1.0237474645784397, 0.32253204430608895, 10.373586283853077, 8.731149137020111E-11] [7287.08175290404, 353.28066756778304, 101.17280710024575, 188.65513904165203, 2.4126736402836246, 2.999430887681089, 0.04128362710696537, 0.8403940695703785, 0.4787937618328881, -0.265171923544296]
8594.986601594048 [5:4,1:1,1:1,3:2,3:2,4:3] [24.73074177886285, 0.29765259928563126, 1.0277663305990123, 0.29765259928563126, 10.35741975496399, 8.967494977696333E-6] [7283.919316675484, 340.9790844717617, 140.86939436172065, 380.0584084192513, 0.7931342047907185, 0.13269598939242402, 3.0963667390981895, 1.4689276427892304, 0.18415928061955555, -0.1929113038297396]
8601.5453190447 [1:1,5:4,1:1,4:3,4:3,5:3] [28.677385521333154, 0.29145926527823685, 1.0219485189576096, 0.29145926527823685, 11.172100862977711, 2.9978090606164187E-4] [7929.481200026573, 310.273406733485, 122.0938916558581, 277.6949952682264, 2.952333245248774, 0.43780994152890784, -0.599035827244328, 0.9570572489830943, 0.07553894436662718, 1.0330048956097564]
8602.21479293811 [1:1,5:4,1:1,3:2,4:3,4:3] [24.708169267601885, 0.29744000400169246, 1.0102377546328525, 0.29744000400169246, 10.396227995274652, 7.409149930026615E-5] [7918.960754477887, 319.78548755821845, 126.72257417712612, 204.86994998229926, 2.9556892610859915, 2.2916149111264703, -0.4393765252976566, 1.4949437529801175, -0.19880415179674052, 0.12462475509189892]
8604.708497540265 [1:1,1:1,5:4,4:3,4:3,4:3] [28.206373928064107, 0.29147674606436663, 1.0671370301072625, 0.29147674606436663, 11.14999650300225, 6.603764104511356E-4] [7356.174003223738, 309.7860739900161, 111.67600433270356, 280.5270313728125, 0.1644835857299106, -0.25608659588157484, 2.4527741721715595, 0.2663418625449578, 0.07029837779929879, 0.0703304161260649]
8633.956950256446 [1:1,1:1,5:4,5:3,5:3,5:3] [23.78045110300568, 0.2799999888487562, 1.001194914829658, 0.2799999888487562, 11.001539381616203, 1.9621104001998901E-4] [7966.592737175341, 413.58642838690776, 53.30891715553098, 180.86937760479154, 0.22478698406736092, 0.09134499869213342, 0.6112828225852062, 1.262363759043351, 0.18188567820097695, 0.18188552544873393]
8636.754008318545 [1:1,1:1,1:1,3:2,4:3,5:3] [21.658127683434245, 0.3037250205934736, 0.990037529452024, 0.3037250205934736, 8.571206409931598, 8.36735125631094E-10] [7357.491214991617, 313.69346684982736, 215.4744754130756, 129.73087638080105, 3.0191059037266976, 0.2646672662967774, 3.096387310816985, 1.7645858659598925, -2.9577224890598885, 2.240859859066843]
8658.828437624166 [5:4,4:3,1:1,3:2,5:3,3:2] [23.712149966338718, 0.2800001137451603, 1.0297616459524472, 0.2800001137451603, 11.010528100917863, 4.805305252375547E-6] [7282.269501751859, 341.51581324413877, 140.70376676111078, 168.82881991241484, 0.79682800066248, 2.282746217007847, -0.6312800654560715, 1.4527668504723352, 0.5793817918401507, -0.16008949955762705]
8663.785428072839 [1:1,5:4,1:1,3:2,5:3,5:3] [22.847398466860817, 0.2800000029218173, 1.0098449953542687, 0.2800000029218173, 10.414682754190427, 3.3141986932605505E-9] [7911.5728894906315, 325.8856343980771, 127.54109480716677, 204.69188368911767, 2.95753278407736, 2.294322956041328, -0.4351816461315973, 1.4521989405367812, 0.5691965934734056, 0.2578848946393642]
8691.723061643832 [5:4,1:1,1:1,4:3,4:3,3:2] [27.691326046517634, 0.329268696476012, 1.0310640027760796, 0.329268696476012, 10.33475831683626, 2.0880179363302886E-8] [7301.349349895196, 334.3476442363956, 104.50996180854457, 190.06909359772484, 2.3810386834114157, 2.997274138230929, 0.0407702059907323, 0.8527746626638164, 0.0944992842700284, 0.47965143128068993]
8693.565669342688 [5:4,4:3,1:1,3:2,3:2,3:2] [23.723395640823025, 0.2968051761623163, 1.027135072787351, 0.2968051761623163, 10.392065961880128, 3.1920080800773576E-6] [7285.640988189189, 340.0592152971102, 140.780459395413, 169.01863051310787, 0.7912620159466605, 2.2879857598876026, -0.6410065226808839, 1.5415450033612446, 0.18126009844618998, 0.18118163580854305]
8740.700576827987 [5:4,1:1,1:1,3:2,5:3,5:3] [21.614159575590055, 0.28000000000773956, 1.038113443831551, 0.28000000000773956, 10.41542241899334, 2.2203494154382497E-8] [7275.945734581841, 419.8195872218986, 72.54506513742854, 166.0245966219611, 0.8577317246738612, 3.0288211552831212, 0.04569481973115399, 1.4254882232386734, 0.5831193075514286, 0.27672087777052157]
8742.029756943275 [1:1,1:1,5:4,5:3,4:3,4:3] [26.892836377903436, 0.2800001020781794, 0.999489573712595, 0.2800001020781794, 11.210281868400813, 2.2997533960733563E-5] [7335.60697838021, 321.1515997552818, 129.1532315553577, 273.70350754297823, 0.19965529068243665, -0.08121866332788942, 0.5999067870305703, 1.2104202410573877, -0.7373900884811398, 0.09806918321337185]
8743.678844123708 [1:1,1:1,5:4,5:3,4:3,5:3] [23.637868060262566, 0.289961917934417, 1.0574743003684541, 0.289961917934417, 10.988041763744661, 0.0014250352778617525] [7970.881831322997, 74.42731966579008, 392.9284785062438, 175.4789371554195, 0.12605543298175748, 0.0910808450603718, 0.5903747072004472, 1.2016715874279984, -0.7152678612264223, 0.92619372362143]
8743.750550565477 [1:1,4:3,1:1,3:2,4:3,5:3] [23.386471542346982, 0.30775542117861016, 0.989832542223692, 0.30775542117861016, 9.882725820957022, 5.242419501882978E-5] [7344.779305854017, 317.10807777011297, 199.53402227242847, 171.882804219876, 2.961518000842045, 2.319015708681424, -2.496105475965677, 1.5114204722781999, -2.936555794957091, 2.2431544634009035]
8748.06292307584 [5:4,1:1,1:1,3:2,4:3,3:2] [23.53163392052936, 0.30057110843085094, 1.0293842774602335, 0.30057110843085094, 10.379160835672025, 2.6398445697850548E-5] [7278.230395166978, 344.18354746978326, 141.56013183117508, 384.1041371664068, 0.7988520303795649, 3.0224969575954685, 0.04555278048138808, 1.4295813062524043, -0.18691384483568452, 0.4868199937632219]
8770.251465443078 [5:4,4:3,1:1,3:2,3:2,4:3] [24.22136218406453, 0.2968825736249839, 1.027167907702407, 0.2968825736249839, 11.007310700617243, 8.445067578577437E-7] [7285.598236145552, 340.07767815369976, 140.77884962834034, 169.0167151208991, 0.7913319517635047, 2.28791756340521, -0.6408825123910027, 1.5388009803780305, 0.18133608746912752, -0.19716902742411588]
8775.111430849956 [5:4,1:1,1:1,3:2,4:3,4:3] [24.36586837576667, 0.300403029112126, 1.0286822541001965, 0.300403029112126, 10.993298831315709, 4.345536308392184E-5] [7278.699452168428, 344.0635417256361, 141.6047083276756, 383.79026667051426, 0.797629515870004, 3.0222698888500297, 0.04553436082586959, 1.4317695204477252, -0.18727608069935114, 0.1316041003585946]
8789.456500752647 [1:1,5:4,1:1,3:2,3:2,5:3] [21.449066018408246, 0.29552146115245587, 1.0285745458622528, 0.29552146115245587, 9.741986299579688, 2.1697042939194944E-5] [7976.684966021564, 73.41532973937619, 399.594642162978, 164.10946744999939, 0.17153579869781718, 2.5195782935015942, -0.43901269322325476, 1.6059760137677057, 0.181659948809795, 0.574101939514528]
8802.857520509095 [5:4,1:1,1:1,4:3,4:3,4:3] [28.15739987972903, 0.3292686948748627, 1.0299588832115933, 0.3292686948748627, 10.949962157236179, 3.019522409886122E-10] [7301.349349945473, 334.34764350442686, 104.50996182719625, 190.06909413051406, 2.381038679672269, 2.9972741367624547, 0.04077020583386611, 0.852774666517411, 0.09449928328401357, 0.0944297147918086]
8830.846400527957 [5:4,1:1,1:1,3:2,3:2,5:3] [22.441455259928304, 0.29729265069578453, 1.025778398815337, 0.29729265069578453, 10.357423587585153, 6.759984808013542E-5] [7284.712134772794, 340.98511359452067, 141.16012185050667, 379.76305115795776, 0.7899640638792547, 0.13094457255615954, 3.0963983652622162, 1.4758713951669673, 0.18362292461664265, 0.5749238450329214]
8881.318486008924 [1:1,5:4,1:1,3:2,4:3,5:3] [21.644620281351322, 0.29472425132348945, 1.0103554332207365, 0.29472425132348945, 10.39573131100812, 6.15452190686483E-5] [7919.138464282837, 319.6006132111669, 126.72504631314223, 204.87093826773975, 2.9554305624960895, 2.2916127107123914, -0.43936392956987425, 1.494776229011527, -0.19879069994214327, 0.9076427669548373]
8943.579928074894 [5:4,4:3,1:1,3:2,4:3,3:2] [23.214993264850346, 0.3030440775897584, 1.0267614900286164, 0.3030440775897584, 11.01274975681283, 5.18077156812069E-4] [7281.2257699993115, 342.94243330048, 141.4989139616009, 167.41851252213985, 0.7934646435344656, 2.2852278383590616, -0.6255084388818943, 1.4240949764755315, -0.18513479887087808, 0.4879922805219925]
8992.152255656703 [5:4,4:3,1:1,3:2,3:2,5:3] [21.99129413821472, 0.29678162886624915, 1.0271253043835813, 0.29678162886624915, 11.007257780713736, 1.499394784332253E-5] [7285.653593316802, 340.05379417642575, 140.7809545931193, 169.01916511265804, 0.7912412755774939, 2.2880059825784005, -0.6410430321734724, 1.542403429210401, 0.18123773954285763, 0.5735802769390885]

