
 25  10 10 
 125  125  125  125  125  125  125  125  125  125 
 1
 4.20  9  4  2  0  4  3  0  3  0  7 
 16.20  3  5  8  0  5  9  9  0  7  9 
 20.10  3  5  4  6  5  8  2  9  6  8 
 49.20  8  5  1  4  4  9  7  1  4  8 
 68.50  4  0  2  7  9  3  1  3  8  7 
 84.40  3  4  4  8  1  5  2  1  2  1 
 93.80  7  4  9  7  3  4  3  4  5  5 
 98.10  1  5  3  7  7  2  2  5  8  1 
 175.00  9  6  2  5  1  6  9  5  6  5 
 197.60  7  5  3  4  6  4  6  7  8  8 
 2
 7.00  9  3  0  7  9  5  8  5  9  1 
 11.70  2  3  2  3  8  6  1  5  1  5 
 13.70  5  6  9  4  2  7  7  8  8  2 
 36.60  0  2  3  7  0  0  4  6  1  0 
 48.00  3  7  6  7  9  1  9  9  4  4 
 61.80  5  2  3  6  5  2  8  6  7  1 
 69.60  3  6  5  6  6  9  7  0  7  5 
 71.60  1  9  9  3  9  2  4  1  7  3 
 174.30  6  5  6  3  2  2  4  4  8  4 
 192.00  0  5  8  9  7  0  0  4  6  3 
 3
 9.00  4  1  1  1  5  6  3  5  5  0 
 9.80  9  8  5  4  8  6  4  7  0  1 
 12.20  3  5  3  8  4  0  5  4  6  8 
 31.80  0  4  3  0  2  8  7  9  4  3 
 52.40  9  8  1  3  5  1  9  5  2  8 
 54.60  5  7  5  6  0  0  4  7  5  1 
 59.00  5  2  7  3  1  5  8  0  1  3 
 96.80  9  5  4  4  6  4  3  6  8  9 
 99.60  8  7  6  4  1  1  2  6  9  5 
 108.90  4  3  5  6  3  1  9  1  1  6 
 4
 16.60  7  5  1  3  1  8  2  6  5  1 
 17.50  9  3  1  8  4  7  3  3  2  9 
 35.20  3  0  1  9  0  9  4  8  8  9 
 49.60  0  0  1  2  5  2  6  4  5  3 
 49.80  1  6  5  5  7  6  6  5  9  9 
 51.60  7  4  4  7  2  5  3  5  2  6 
 67.20  1  2  4  0  9  7  8  0  8  8 
 83.00  0  0  6  1  2  5  9  1  0  2 
 91.20  4  7  1  4  2  9  5  6  8  1 
 161.10  7  8  9  6  1  2  8  1  6  7 
 5
 3.70  1  7  7  1  5  2  4  9  6  4 
 16.50  9  9  2  7  2  7  1  5  5  8 
 16.80  1  9  3  6  6  5  6  5  6  8 
 23.50  5  2  1  0  5  2  1  3  2  4 
 30.60  4  1  2  1  6  2  9  0  9  7 
 36.80  5  0  6  2  5  6  8  0  8  5 
 56.70  4  1  2  9  0  0  3  6  8  6 
 96.80  3  0  3  6  6  0  8  1  6  9 
 107.10  1  1  4  7  2  2  3  8  2  1 
 110.00  1  5  9  2  9  3  1  2  0  2 
 6
 4.30  8  6  8  9  5  9  1  4  4  0 
 5.60  7  8  4  5  4  2  3  7  3  8 
 9.90  6  4  6  7  3  5  8  5  2  5 
 34.00  8  0  4  6  6  4  4  0  0  2 
 39.00  1  7  1  1  2  0  4  7  1  8 
 45.00  3  7  6  9  3  3  3  2  2  3 
 46.50  5  6  0  5  1  8  1  1  7  3 
 97.80  8  4  5  4  2  8  6  0  4  8 
 128.80  4  2  6  0  1  4  1  2  8  2 
 143.10  5  2  3  9  2  7  7  4  7  7 
 7
 4.00  1  3  3  1  0  2  8  2  8  8 
 14.40  6  6  9  9  9  2  0  1  2  3 
 21.00  7  7  3  1  3  3  7  0  9  8 
 32.80  3  4  3  0  7  9  2  5  9  1 
 33.60  1  9  8  8  0  0  1  9  2  7 
 35.10  0  3  0  0  7  5  5  1  6  5 
 43.00  3  3  7  5  7  5  4  8  2  8 
 88.00  9  7  2  2  7  1  3  3  2  8 
 138.60  1  4  6  6  5  8  0  7  5  1 
 141.00  8  0  6  9  5  9  5  8  0  1 
 8
 2.70  1  6  1  6  7  6  6  7  2  6 
 10.40  6  2  5  5  3  5  3  0  1  9 
 14.00  4  2  8  5  2  7  8  5  5  1 
 23.10  3  8  5  0  8  2  1  9  5  0 
 23.20  2  2  8  5  8  3  8  9  7  1 
 23.40  6  9  8  2  0  4  0  3  6  0 
 45.60  3  4  0  4  9  1  3  9  2  5 
 110.00  6  8  7  9  7  2  0  7  6  3 
 139.80  7  2  8  2  0  3  0  4  4  3 
 192.00  8  0  5  4  1  5  7  7  6  4 
 9
 2.40  6  8  6  9  2  5  4  2  1  1 
 6.10  9  0  4  6  9  6  3  7  8  1 
 31.80  9  8  2  6  8  5  7  9  7  7 
 56.10  6  7  3  4  1  9  5  8  0  3 
 75.20  5  9  2  2  2  3  8  9  9  5 
 99.00  7  4  4  2  5  4  4  2  5  4 
 101.00  1  4  5  0  6  5  0  5  7  7 
 102.20  1  1  9  8  1  0  3  0  8  7 
 128.70  8  3  3  5  5  8  1  6  0  6 
 143.40  4  9  6  4  4  3  1  5  3  2 
 10
 3.60  7  1  9  6  8  2  6  6  3  6 
 12.40  6  4  0  0  5  9  6  9  7  5 
 16.50  4  8  5  8  6  4  5  2  0  3 
 30.00  9  1  3  6  2  6  8  1  1  9 
 30.60  2  3  4  4  2  6  8  8  1  0 
 82.80  6  3  2  3  0  9  0  5  1  5 
 130.40  5  5  7  6  9  5  5  7  3  7 
 149.40  8  2  6  6  6  3  4  3  3  8 
 158.20  7  4  8  2  8  4  7  8  7  9 
 189.00  9  1  9  5  1  9  8  9  0  8 
 11
 6.40  4  4  6  6  9  0  5  2  1  5 
 13.90  3  3  0  3  8  2  0  1  9  6 
 35.70  4  8  7  7  6  5  3  7  0  9 
 40.50  7  0  6  9  8  8  8  2  6  2 
 40.80  0  1  9  4  1  0  5  6  2  6 
 43.60  7  9  7  7  7  2  5  6  8  6 
 59.50  7  9  0  3  0  1  1  0  1  9 
 111.60  4  3  8  2  9  1  0  8  6  8 
 123.00  6  9  4  3  1  8  9  6  7  7 
 142.40  2  4  0  5  9  8  5  0  9  5 
 12
 5.50  2  9  4  9  0  3  7  7  1  7 
 12.40  9  5  2  3  2  6  6  1  2  2 
 19.20  0  3  0  6  7  2  0  3  0  5 
 21.90  9  0  8  8  0  0  2  8  0  2 
 34.80  3  6  3  5  9  7  6  4  1  6 
 45.50  9  4  0  6  3  3  9  6  8  4 
 82.80  3  6  2  8  6  1  6  8  0  8 
 96.00  8  2  2  3  8  0  4  9  3  1 
 124.20  4  6  1  8  2  8  7  1  9  0 
 148.00  4  3  4  7  9  2  4  2  1  1 
 13
 5.60  1  5  4  7  7  4  2  7  0  6 
 10.90  4  3  6  3  6  5  6  6  4  2 
 42.20  4  3  5  4  3  7  6  2  2  6 
 44.10  7  9  0  0  6  5  3  5  9  1 
 49.60  2  7  3  6  1  6  0  8  6  9 
 67.80  1  6  2  5  7  1  4  8  5  1 
 103.20  3  3  8  1  3  2  7  5  5  9 
 109.50  0  7  5  1  6  8  0  2  5  9 
 114.00  3  2  6  3  0  9  4  1  1  5 
 125.10  0  6  5  4  4  5  9  8  3  4 
 14
 0.30  4  5  2  4  1  3  3  6  1  6 
 1.10  2  2  3  0  2  1  7  2  6  6 
 9.20  3  5  8  3  6  2  1  1  9  8 
 25.20  4  1  8  1  1  7  0  9  1  4 
 35.00  4  0  1  7  7  3  3  6  8  4 
 55.00  4  0  8  8  5  8  6  8  4  1 
 63.00  8  8  5  0  6  8  2  1  9  5 
 66.80  5  2  5  6  6  0  8  4  5  2 
 136.00  9  1  7  0  6  3  9  3  2  9 
 200.70  4  9  0  0  2  7  9  9  2  9 
 15
 17.90  0  9  7  7  4  8  1  8  8  5 
 19.20  8  1  5  5  3  3  7  7  0  8 
 28.40  0  4  7  6  6  3  5  1  3  8 
 31.20  4  2  1  5  1  0  2  5  1  4 
 37.20  5  6  1  9  5  2  0  8  4  6 
 40.20  0  4  0  1  9  4  2  2  6  6 
 43.00  8  5  2  4  7  5  0  9  4  5 
 59.50  3  1  0  5  0  2  1  9  8  5 
 91.00  2  6  5  8  3  9  9  4  3  1 
 162.00  2  5  8  4  4  2  8  8  7  6 
 16
 3.50  4  7  5  5  3  0  8  0  7  3 
 4.50  4  4  5  0  1  6  0  7  5  7 
 26.80  2  5  0  2  7  3  4  8  1  5 
 83.20  7  9  1  8  1  1  3  0  6  1 
 84.60  4  9  9  1  3  0  5  1  6  9 
 94.50  9  8  3  4  0  0  4  9  1  8 
 99.20  9  3  6  1  4  8  5  2  9  0 
 104.00  3  3  3  1  8  1  3  1  8  0 
 128.40  2  2  2  4  8  5  0  9  7  4 
 144.20  0  6  9  5  7  1  0  6  6  5 
 17
 6.20  6  9  0  1  0  0  5  7  8  9 
 10.90  3  8  7  1  0  4  4  7  2  3 
 18.20  0  0  8  0  0  7  1  1  6  0 
 22.20  8  8  6  0  7  1  0  6  5  3 
 25.60  5  1  1  3  2  9  6  2  0  1 
 41.00  0  7  7  8  1  8  4  1  1  6 
 46.40  4  7  8  5  9  7  1  8  2  6 
 52.20  9  9  0  3  9  5  7  3  0  4 
 161.00  1  7  5  5  6  9  2  3  4  8 
 197.10  8  4  1  6  0  5  6  4  7  5 
 18
 9.60  7  0  7  1  9  4  7  0  0  1 
 21.20  1  3  9  9  3  4  4  8  2  2 
 35.20  9  9  8  0  1  8  0  9  8  9 
 38.10  9  4  2  9  6  7  3  4  7  1 
 46.40  5  0  8  9  1  1  1  2  9  8 
 60.60  6  9  2  1  9  4  4  0  8  3 
 61.00  8  0  5  7  7  0  2  1  4  9 
 149.10  4  6  7  4  1  7  3  0  7  6 
 160.20  2  0  9  2  6  8  4  8  6  1 
 199.00  8  4  5  2  3  0  0  6  7  4 
 19
 11.70  0  8  8  4  3  4  6  6  3  7 
 25.40  5  2  9  5  2  2  1  1  5  0 
 26.40  8  3  3  5  7  2  5  5  2  5 
 32.70  1  2  0  7  9  8  3  0  5  7 
 57.60  9  5  2  0  1  1  6  6  0  3 
 63.00  7  6  2  8  2  1  5  7  1  1 
 110.40  9  0  3  6  1  4  8  1  4  1 
 121.10  0  1  3  8  1  1  9  6  7  9 
 136.00  6  7  5  8  9  0  6  2  9  1 
 198.90  4  1  7  9  0  3  8  0  7  7 
 20
 1.60  5  1  3  2  5  1  4  3  9  9 
 6.60  5  1  8  4  5  3  8  4  0  8 
 28.20  6  1  5  4  6  9  5  0  1  3 
 38.00  9  9  7  3  5  7  7  7  8  6 
 48.90  4  7  8  3  7  9  9  1  8  1 
 51.60  2  0  6  7  0  6  6  7  9  8 
 100.80  4  9  1  6  4  3  2  5  8  1 
 117.00  1  4  3  8  4  7  4  6  4  3 
 128.80  6  8  2  9  7  8  8  4  5  0 
 133.00  9  9  0  5  9  2  0  1  1  5 
 21
 15.60  5  8  7  9  0  6  7  5  0  2 
 41.40  2  4  1  5  4  1  4  4  9  5 
 49.40  3  2  0  6  2  6  8  9  4  4 
 52.00  8  2  1  2  0  4  2  9  6  4 
 65.80  5  3  9  4  4  1  6  9  4  1 
 68.10  7  6  5  1  1  4  7  9  2  6 
 89.00  2  7  4  7  1  5  1  7  0  3 
 92.80  4  2  7  0  4  8  5  6  3  0 
 116.80  8  3  4  4  4  3  9  1  4  6 
 160.20  8  5  4  2  9  0  8  5  8  8 
 22
 15.20  3  2  2  2  9  7  0  0  4  6 
 22.60  7  4  4  2  5  4  0  3  0  6 
 22.60  0  0  7  1  0  3  4  1  4  0 
 24.50  0  9  4  8  9  4  5  9  3  5 
 36.00  5  4  3  1  6  3  8  1  3  0 
 75.00  9  1  8  7  0  8  3  3  3  7 
 86.00  0  2  6  5  2  3  4  4  5  2 
 92.40  0  4  9  0  8  3  8  9  6  6 
 108.00  2  6  7  4  5  6  3  9  4  3 
 143.20  4  8  0  9  7  6  3  3  4  1 
 23
 2.10  7  5  4  7  6  6  6  0  6  2 
 11.20  2  1  9  3  5  3  9  5  8  1 
 26.10  6  7  8  7  5  6  3  7  3  9 
 27.60  9  7  9  9  3  3  4  5  4  1 
 31.40  1  6  6  9  2  2  5  6  4  6 
 40.80  5  8  3  8  7  9  1  5  5  2 
 58.00  0  4  5  2  0  4  2  5  0  2 
 110.60  5  2  4  3  7  7  8  8  3  8 
 122.00  1  4  2  7  8  4  0  4  1  5 
 130.80  3  6  8  2  9  3  2  8  0  5 
 24
 0.00  3  8  2  1  3  9  1  5  0  7 
 4.00  4  0  2  4  3  6  2  3  4  1 
 23.80  3  5  8  5  0  0  4  9  2  9 
 23.80  5  6  9  8  8  7  2  1  4  1 
 30.00  9  4  6  2  3  5  8  8  9  0 
 38.40  5  2  9  2  0  2  8  9  4  9 
 43.50  9  3  4  3  3  2  1  6  2  7 
 64.00  0  4  8  7  4  3  6  0  4  4 
 70.80  3  9  2  6  7  9  7  4  6  7 
 102.00  2  7  4  2  4  4  3  1  1  9 
 25
 7.70  3  0  5  8  6  0  8  7  6  4 
 17.10  2  3  2  8  9  0  2  4  5  8 
 17.20  5  1  4  5  1  1  2  8  1  1 
 35.20  2  7  3  4  2  6  6  2  8  3 
 49.00  2  7  1  6  1  7  6  6  9  9 
 63.20  1  1  7  4  1  2  5  3  8  1 
 72.00  6  6  3  5  2  2  9  2  4  3 
 78.00  2  4  2  4  0  2  1  8  0  7 
 141.00  1  7  4  1  1  4  5  7  4  2 
 142.20  8  8  8  8  6  6  5  7  5  8 
 Solutions by  Mosers Solution
 9  9  9  9  9  9  9  9  9  9  9  9  9  9  9  9  9  9  9  9  9  9  9  9  8  3905.70
 Solutions by  HEU
 9  9  9  9  9  9  8  9  9  9  9  9  9  9  9  9  9  9  9  8  9  9  9  9  8  3899.10
 Upper bound
 3905.90
 Solutions by  Exact Solution
 9  9  9  9  9  9  9  9  9  9  9  9  9  9  9  9  9  9  9  9  9  9  9  9  8  3905.70