
 5  5 5 
 25  25  25  25  25 
 1
 7.00  1  3  1  1  6 
 17.00  1  4  9  9  3 
 25.00  4  3  9  8  2 
 35.00  4  5  8  0  6 
 36.00  6  8  3  0  7 
 2
 9.00  0  0  4  4  2 
 10.00  0  0  1  8  7 
 10.00  1  1  6  0  6 
 39.00  9  1  2  2  4 
 44.00  8  7  0  8  2 
 3
 15.00  2  0  5  5  5 
 19.00  2  3  2  6  2 
 20.00  3  1  6  4  7 
 44.00  6  7  5  6  9 
 50.00  9  5  9  2  2 
 4
 5.00  0  1  3  8  0 
 25.00  2  2  7  0  8 
 32.00  5  5  6  1  9 
 37.00  6  3  6  9  1 
 37.00  7  9  7  2  3 
 5
 24.00  4  0  7  0  2 
 30.00  4  8  9  0  0 
 32.00  5  2  7  2  0 
 43.00  5  5  9  5  2 
 44.00  9  2  2  2  3 
 Solutions by  Mosers Solution
 0  4  2  4  3  151.00
 Solutions by  HEU
 4  4  1  1  3  167.00
 Upper bound
 182.71
 Solutions by  Exact Solution
 3  4  1  2  3  173.00