
 10  5 5 
 50  50  50  50  50 
 1
 7.00  1  3  1  1  6 
 17.00  1  4  9  9  3 
 25.00  4  3  9  8  2 
 35.00  4  5  8  0  6 
 36.00  6  8  3  0  7 
 2
 9.00  0  0  4  4  2 
 10.00  0  0  1  8  7 
 10.00  1  1  6  0  6 
 39.00  9  1  2  2  4 
 44.00  8  7  0  8  2 
 3
 15.00  2  0  5  5  5 
 19.00  2  3  2  6  2 
 20.00  3  1  6  4  7 
 44.00  6  7  5  6  9 
 50.00  9  5  9  2  2 
 4
 5.00  0  1  3  8  0 
 25.00  2  2  7  0  8 
 32.00  5  5  6  1  9 
 37.00  6  3  6  9  1 
 37.00  7  9  7  2  3 
 5
 24.00  4  0  7  0  2 
 30.00  4  8  9  0  0 
 32.00  5  2  7  2  0 
 43.00  5  5  9  5  2 
 44.00  9  2  2  2  3 
 6
 17.00  1  6  0  4  0 
 22.00  5  1  2  7  0 
 31.00  5  2  7  9  9 
 36.00  5  3  6  1  8 
 41.00  5  7  9  9  6 
 7
 15.00  0  2  6  5  5 
 23.00  1  3  7  2  5 
 25.00  2  2  6  1  9 
 25.00  2  8  2  3  2 
 27.00  6  3  4  9  4 
 8
 25.00  0  9  5  0  2 
 27.00  6  5  2  2  8 
 34.00  8  2  5  9  4 
 36.00  8  5  4  2  2 
 42.00  6  2  9  0  3 
 9
 24.00  5  3  4  2  9 
 28.00  5  9  2  2  9 
 33.00  3  4  9  7  7 
 38.00  5  7  7  4  6 
 44.00  7  7  6  0  8 
 10
 13.00  0  5  4  5  1 
 35.00  5  9  4  0  6 
 38.00  8  8  2  1  0 
 40.00  5  4  8  0  1 
 42.00  9  4  8  7  8 
 Solutions by  Mosers Solution
 0  2  1  4  2  4  4  3  4  2  291.00
 Solutions by  HEU
 3  4  1  1  4  3  3  4  4  3  354.00
 Upper bound
 365.58
 Solutions by  Exact Solution
 4  4  3  3  4  3  2  0  2  3  364.00