
 15  10 10 
 75  75  75  75  75  75  75  75  75  75 
 1
 51.00  4  5  3  4  0  2  3  2  6  2 
 73.00  0  0  4  4  2  8  7  0  8  2 
 76.00  3  1  6  4  7  9  5  9  2  2 
 79.00  4  5  8  0  6  4  3  9  8  2 
 84.00  9  1  2  2  4  1  1  6  0  6 
 91.00  5  6  2  0  1  0  0  1  8  7 
 103.00  1  4  9  9  3  6  8  3  0  7 
 104.00  2  0  5  5  5  6  7  5  6  9 
 108.00  6  3  6  9  1  7  9  7  2  3 
 121.00  8  4  4  4  9  5  5  6  1  9 
 2
 49.00  5  3  6  1  8  5  1  2  7  0 
 55.00  1  0  0  5  1  5  5  9  5  2 
 61.00  4  1  3  0  3  1  6  0  4  0 
 68.00  4  0  7  0  2  9  2  2  2  3 
 71.00  2  2  6  1  9  0  2  6  5  5 
 74.00  4  8  9  0  0  5  2  7  2  0 
 82.00  9  7  5  1  7  8  5  4  2  2 
 89.00  6  3  4  9  4  1  3  7  2  5 
 97.00  8  2  9  0  2  2  8  2  3  2 
 112.00  5  7  9  9  6  5  2  7  9  9 
 3
 62.00  4  4  1  9  6  5  2  0  1  5 
 78.00  4  8  7  8  4  7  7  2  8  2 
 84.00  6  2  9  0  3  8  2  5  9  4 
 86.00  7  9  1  5  2  8  8  2  1  0 
 86.00  5  4  8  0  1  0  5  4  5  1 
 87.00  6  9  3  1  9  6  4  0  4  2 
 114.00  5  7  7  4  6  3  4  9  7  7 
 120.00  9  4  8  7  8  5  9  4  0  6 
 130.00  8  7  1  3  3  5  3  4  2  9 
 143.00  7  7  6  0  8  5  9  2  2  9 
 4
 41.00  0  5  8  3  3  3  2  5  2  1 
 68.00  5  1  6  0  9  3  9  0  8  0 
 74.00  2  5  6  7  5  6  8  4  3  1 
 79.00  4  3  5  9  5  4  4  3  4  4 
 91.00  1  9  0  7  2  7  0  9  9  6 
 92.00  6  3  1  4  6  4  2  9  6  5 
 98.00  4  3  6  5  0  4  0  8  1  6 
 104.00  5  1  6  8  5  2  6  5  4  4 
 113.00  9  1  4  6  7  8  6  0  7  5 
 155.00  6  2  8  7  8  6  9  5  8  9 
 5
 53.00  4  7  4  2  5  5  0  2  6  0 
 54.00  5  7  1  8  2  1  3  5  2  2 
 63.00  0  0  4  0  9  5  1  7  1  7 
 70.00  6  8  1  3  5  1  7  6  1  1 
 78.00  7  5  2  2  1  0  0  4  8  2 
 90.00  6  7  1  2  5  2  5  8  2  2 
 97.00  5  2  8  7  5  1  3  8  7  6 
 101.00  5  0  4  3  8  1  9  2  9  5 
 109.00  1  8  7  6  2  4  5  6  2  9 
 120.00  9  8  2  1  8  6  9  0  0  6 
 6
 41.00  5  4  1  0  6  6  0  0  0  1 
 52.00  1  2  6  4  1  5  2  9  3  0 
 69.00  1  2  3  4  1  2  7  5  2  4 
 69.00  9  9  1  6  1  7  2  1  6  0 
 100.00  6  4  9  5  8  7  2  7  4  6 
 102.00  7  9  7  3  2  5  9  2  0  1 
 118.00  6  5  9  0  1  0  5  3  4  8 
 118.00  5  6  4  3  4  5  8  7  8  7 
 119.00  1  3  8  2  8  3  8  6  7  8 
 137.00  8  5  5  7  8  2  8  9  1  9 
 7
 42.00  0  0  4  3  7  9  0  4  9  0 
 46.00  3  5  3  3  6  7  5  0  5  0 
 53.00  6  8  3  1  2  2  1  0  6  2 
 71.00  0  4  5  8  9  3  9  2  6  0 
 74.00  0  7  9  4  8  0  1  6  5  5 
 83.00  3  9  4  4  6  9  6  4  3  2 
 85.00  3  7  9  2  7  0  3  4  4  6 
 103.00  2  6  0  4  6  1  3  6  8  7 
 103.00  7  3  4  5  4  7  1  1  6  6 
 108.00  2  3  3  3  2  9  5  7  4  6 
 8
 36.00  6  4  3  1  1  0  1  0  2  1 
 48.00  0  1  3  5  4  9  2  7  5  1 
 64.00  3  2  2  5  1  5  1  7  9  0 
 72.00  2  5  6  3  3  3  4  8  3  1 
 73.00  0  8  3  6  0  2  3  0  2  7 
 80.00  4  1  0  6  8  3  0  2  7  9 
 100.00  8  9  8  6  7  0  2  9  1  4 
 113.00  9  6  7  7  8  8  9  0  9  2 
 126.00  9  6  8  3  7  6  3  0  5  9 
 133.00  9  9  8  9  2  3  6  2  4  8 
 9
 46.00  0  7  7  1  4  7  0  8  1  2 
 47.00  3  3  1  8  7  6  1  1  1  3 
 67.00  9  1  5  0  7  1  2  1  4  2 
 75.00  8  7  1  8  8  7  3  1  4  3 
 81.00  7  8  9  1  0  0  7  7  1  2 
 87.00  3  4  7  5  3  0  3  2  7  6 
 96.00  0  9  7  7  5  6  3  6  4  9 
 100.00  7  7  4  3  4  0  0  0  6  8 
 106.00  9  9  7  8  9  4  7  8  3  2 
 110.00  8  4  8  2  8  7  4  1  8  4 
 10
 45.00  4  2  5  0  7  2  5  0  9  0 
 68.00  2  7  1  3  5  6  4  7  8  2 
 71.00  5  7  5  0  7  9  5  1  8  0 
 75.00  3  5  0  8  2  1  3  6  2  3 
 77.00  3  2  3  3  8  0  2  5  7  5 
 87.00  6  8  6  0  8  9  2  7  4  1 
 88.00  3  2  6  5  2  7  0  9  8  6 
 92.00  9  2  0  1  5  4  5  1  0  7 
 96.00  2  8  9  0  1  5  3  3  3  7 
 102.00  8  3  3  3  5  1  6  8  7  6 
 11
 68.00  9  6  2  2  8  6  6  7  1  0 
 75.00  1  4  6  5  1  2  8  1  7  4 
 81.00  3  8  9  3  3  3  4  4  1  3 
 82.00  0  8  2  6  0  4  5  1  4  6 
 84.00  7  0  2  8  3  4  1  7  6  2 
 97.00  0  9  6  2  8  9  3  0  0  8 
 105.00  7  5  4  9  5  3  8  0  0  7 
 106.00  5  3  7  3  1  8  5  1  7  7 
 121.00  5  9  3  9  2  9  8  5  9  4 
 130.00  0  9  9  0  7  3  9  9  1  9 
 12
 67.00  0  8  7  2  8  4  6  4  4  2 
 76.00  7  9  9  9  7  4  4  3  4  1 
 80.00  2  2  4  4  2  2  7  7  6  4 
 85.00  4  1  5  9  8  1  7  8  2  5 
 96.00  9  0  0  0  0  5  5  7  5  3 
 113.00  9  1  3  8  3  2  0  7  5  7 
 115.00  3  5  1  5  2  8  9  4  3  9 
 124.00  8  1  8  2  5  2  6  7  5  6 
 126.00  8  2  5  6  2  7  7  3  5  6 
 130.00  7  9  8  4  4  6  9  2  5  8 
 13
 39.00  0  3  6  5  1  5  3  0  3  1 
 41.00  3  3  5  9  7  0  1  1  3  0 
 45.00  1  4  2  9  0  5  5  1  8  0 
 72.00  4  3  0  3  3  0  4  9  5  3 
 80.00  6  9  1  0  3  3  9  9  3  0 
 81.00  8  2  0  6  4  6  0  1  5  3 
 87.00  1  4  2  3  0  5  6  4  7  5 
 95.00  2  0  5  6  4  2  8  1  3  5 
 103.00  8  9  1  7  3  2  1  4  4  5 
 110.00  2  4  2  1  6  4  3  4  4  9 
 14
 47.00  2  9  0  8  0  2  5  0  6  0 
 53.00  6  6  5  9  5  1  2  1  2  0 
 54.00  4  4  0  3  3  0  4  6  0  3 
 55.00  7  3  1  9  9  4  0  2  8  0 
 81.00  8  1  3  3  5  7  1  1  9  1 
 85.00  2  7  7  0  4  7  2  4  4  6 
 91.00  7  4  3  5  5  0  1  5  7  8 
 92.00  3  9  8  9  1  6  0  8  4  7 
 94.00  8  4  0  9  0  9  8  6  5  0 
 109.00  6  2  3  1  5  9  5  1  0  6 
 15
 44.00  0  2  4  3  6  0  3  7  3  3 
 71.00  7  9  3  7  6  3  1  9  6  2 
 88.00  2  4  2  8  9  8  9  7  4  4 
 90.00  7  1  1  2  9  9  3  0  9  5 
 105.00  2  5  7  7  2  4  5  4  4  6 
 108.00  9  4  2  3  0  2  9  2  0  4 
 114.00  3  7  6  7  0  5  4  8  4  9 
 115.00  9  6  4  3  0  8  4  8  9  4 
 120.00  7  0  9  8  7  1  3  7  7  8 
 145.00  8  9  2  3  6  7  6  7  5  8 
 Solutions by  Mosers Solution
 3  9  2  9  9  1  2  3  1  4  9  8  8  9  9  1464.00
 Solutions by  HEU
 5  8  5  6  7  5  9  3  9  4  9  8  9  9  7  1533.00
 Upper bound
 1626.59
 Solutions by  Exact Solution
 8  5  8  9  5  8  7  3  9  4  8  8  8  9  4  1602.00