
 20  10 10 
 100  100  100  100  100  100  100  100  100  100 
 1
 123.00  0  1  9  1  4  3  2  4  7  9 
 134.00  6  4  0  2  7  3  5  6  2  7 
 139.00  6  1  4  7  6  3  3  0  8  1 
 156.00  6  9  4  6  3  2  4  3  9  5 
 163.00  5  3  8  7  5  1  1  5  4  7 
 170.00  5  0  7  5  5  7  6  8  3  7 
 170.00  2  4  0  9  5  4  3  2  9  7 
 171.00  9  3  2  4  2  9  8  9  9  9 
 175.00  1  1  8  3  6  4  2  9  3  8 
 218.00  6  3  1  9  8  6  6  8  6  0 
 2
 104.00  5  4  4  3  2  1  9  8  6  5 
 127.00  5  0  3  5  8  0  3  8  4  8 
 128.00  5  1  1  9  1  4  9  9  0  0 
 132.00  3  2  3  5  4  8  3  1  1  7 
 132.00  4  9  0  3  0  6  9  3  3  1 
 158.00  7  9  5  5  2  3  6  5  5  8 
 165.00  2  1  3  6  3  6  5  4  9  8 
 171.00  6  0  7  1  7  7  3  2  4  7 
 173.00  3  6  1  3  8  7  0  2  9  5 
 202.00  7  8  2  2  6  9  4  4  7  1 
 3
 96.00  0  4  4  3  5  0  0  4  5  5 
 147.00  9  6  5  6  5  0  1  7  4  4 
 148.00  4  7  4  8  2  2  4  7  4  4 
 152.00  4  1  3  4  8  6  3  0  5  8 
 163.00  3  1  0  3  9  5  3  2  8  6 
 210.00  2  2  1  6  7  8  9  8  8  0 
 217.00  2  8  9  7  8  5  7  5  4  5 
 227.00  7  7  0  8  8  7  4  8  6  1 
 230.00  8  9  5  7  7  9  5  7  1  6 
 236.00  6  3  5  8  6  9  6  5  9  3 
 4
 84.00  9  1  2  0  3  4  1  0  6  3 
 110.00  7  5  6  1  4  1  7  3  4  6 
 119.00  0  0  4  8  3  4  2  0  9  9 
 125.00  9  2  5  8  2  0  4  2  3  1 
 134.00  0  7  6  7  4  1  1  3  6  4 
 143.00  4  2  3  8  1  2  5  7  9  0 
 145.00  0  4  8  6  6  0  6  4  1  9 
 149.00  4  5  6  4  1  8  8  2  4  2 
 153.00  6  3  7  7  0  6  5  5  8  4 
 209.00  0  8  4  3  8  8  5  3  4  5 
 5
 117.00  6  9  2  2  3  1  0  9  3  3 
 126.00  2  5  9  6  1  0  3  3  8  2 
 140.00  0  7  8  2  4  2  6  8  0  5 
 153.00  7  1  6  0  6  6  0  9  7  8 
 167.00  6  0  1  3  5  9  7  9  4  1 
 170.00  7  6  0  9  3  7  3  1  1  6 
 171.00  8  5  8  5  6  3  4  1  2  8 
 182.00  2  4  3  8  5  7  4  8  1  9 
 185.00  1  2  4  8  6  5  2  6  2  4 
 223.00  0  2  4  7  9  9  3  0  9  3 
 6
 83.00  4  1  4  4  1  1  4  6  0  8 
 103.00  4  5  5  3  5  0  6  0  9  4 
 108.00  1  3  4  5  4  0  4  4  4  9 
 132.00  0  7  8  0  1  4  7  2  9  7 
 153.00  4  4  0  7  6  2  9  7  8  6 
 166.00  3  4  9  1  9  4  9  1  3  5 
 175.00  4  3  7  6  4  8  2  0  6  9 
 186.00  3  4  6  1  5  9  3  9  7  4 
 199.00  8  9  8  4  8  0  8  7  7  9 
 204.00  0  9  7  2  6  9  6  6  8  2 
 7
 99.00  5  8  1  1  0  4  1  8  1  0 
 105.00  3  9  2  8  1  0  9  4  0  2 
 115.00  3  6  5  4  2  5  3  0  5  0 
 124.00  9  2  2  4  4  4  5  1  4  6 
 139.00  2  6  4  0  7  2  2  2  8  3 
 140.00  2  8  3  7  1  3  9  7  0  9 
 170.00  8  5  4  5  7  5  4  4  7  5 
 174.00  6  7  4  0  6  6  7  9  5  2 
 197.00  9  4  8  5  7  8  5  3  6  6 
 214.00  8  9  1  6  4  9  5  7  7  4 
 8
 123.00  3  4  1  6  6  0  8  4  1  8 
 123.00  9  3  7  1  7  0  8  8  1  2 
 136.00  1  3  3  6  6  0  1  5  1  6 
 141.00  5  5  5  1  4  6  7  4  8  9 
 144.00  4  1  6  7  8  0  1  2  5  8 
 161.00  8  5  3  7  1  5  8  9  0  9 
 166.00  9  5  5  6  5  3  9  6  0  7 
 175.00  5  9  0  8  6  2  5  6  3  1 
 179.00  4  8  7  0  9  5  5  7  2  4 
 201.00  4  4  8  6  8  8  7  2  4  7 
 9
 147.00  0  6  8  9  2  5  0  2  2  3 
 148.00  9  4  2  7  4  0  7  5  7  3 
 154.00  3  1  1  2  8  3  2  9  4  2 
 159.00  6  3  3  5  0  9  9  6  8  5 
 173.00  5  6  4  5  4  8  8  4  8  2 
 182.00  9  4  2  8  4  5  9  5  9  4 
 187.00  8  5  2  6  3  9  6  5  0  0 
 191.00  9  5  5  1  9  6  4  3  6  8 
 215.00  6  3  6  8  9  6  8  1  7  3 
 219.00  4  7  7  8  4  9  8  3  9  7 
 10
 110.00  8  4  1  2  8  0  2  6  1  5 
 138.00  2  4  4  1  9  0  1  9  8  4 
 138.00  3  4  9  3  6  3  6  2  4  4 
 143.00  4  1  4  7  2  5  5  1  4  3 
 158.00  0  1  7  3  3  5  0  9  4  4 
 159.00  2  7  6  4  4  3  5  7  2  1 
 166.00  3  0  4  0  8  7  3  5  5  0 
 171.00  5  8  4  7  8  1  3  5  3  4 
 180.00  6  1  4  6  8  1  4  8  8  2 
 204.00  0  3  6  8  9  2  3  6  8  2 
 11
 109.00  3  7  0  0  2  4  7  2  6  8 
 112.00  0  5  1  4  4  4  7  4  0  6 
 120.00  9  9  3  2  4  0  2  2  9  3 
 120.00  7  0  9  8  1  0  4  5  7  4 
 129.00  6  7  4  2  2  2  8  7  1  0 
 137.00  4  3  5  8  1  3  9  6  3  0 
 146.00  4  1  2  5  0  8  3  9  5  3 
 149.00  9  2  4  1  9  3  3  2  4  4 
 152.00  6  8  4  1  2  7  0  9  4  5 
 170.00  9  0  0  4  7  7  1  3  5  9 
 12
 109.00  6  5  0  1  8  2  4  0  6  8 
 117.00  2  4  7  3  3  0  0  8  7  0 
 124.00  0  3  8  2  0  6  6  5  6  8 
 148.00  6  9  8  4  2  3  1  6  5  0 
 149.00  3  6  8  9  2  5  9  1  0  5 
 160.00  4  4  8  5  9  1  5  6  2  6 
 161.00  6  7  7  1  1  8  3  9  8  7 
 176.00  6  3  4  7  7  4  5  4  0  8 
 193.00  8  2  4  0  8  9  2  9  1  3 
 198.00  3  7  2  1  7  8  1  7  5  4 
 13
 100.00  3  3  5  8  2  0  9  5  0  2 
 101.00  6  5  3  1  5  0  2  1  7  2 
 115.00  8  4  3  0  1  7  0  8  3  8 
 121.00  1  1  0  2  1  8  8  0  8  8 
 129.00  0  2  6  2  2  6  0  0  6  4 
 144.00  4  4  5  2  9  1  4  4  6  2 
 160.00  7  2  0  7  4  7  4  6  3  3 
 170.00  6  4  1  4  7  5  6  3  7  7 
 190.00  9  3  1  4  9  5  1  8  2  3 
 197.00  3  1  9  9  8  4  3  8  3  2 
 14
 103.00  3  9  9  1  1  4  5  0  0  9 
 127.00  9  3  3  1  5  3  0  1  5  8 
 136.00  1  3  6  4  6  1  0  9  6  2 
 143.00  9  1  5  5  2  6  2  0  6  5 
 147.00  3  4  0  1  8  4  2  2  8  8 
 147.00  0  9  6  6  4  3  6  5  3  3 
 163.00  6  9  6  9  4  1  0  6  7  3 
 169.00  3  1  5  4  3  9  8  7  5  1 
 184.00  0  5  0  8  9  4  4  4  2  3 
 185.00  5  8  3  5  6  3  5  8  7  2 
 15
 110.00  9  0  1  1  4  2  2  4  5  1 
 126.00  6  5  5  4  0  6  5  4  1  2 
 127.00  9  0  1  1  6  4  2  4  7  1 
 134.00  5  8  3  0  2  6  3  2  9  8 
 140.00  1  9  7  3  4  3  4  6  2  8 
 159.00  4  5  9  1  9  4  6  5  0  7 
 161.00  9  3  1  4  2  9  6  0  8  2 
 161.00  1  6  8  7  1  9  6  3  1  9 
 176.00  8  1  1  1  4  9  0  8  9  3 
 176.00  4  9  0  9  3  9  5  1  0  8 
 16
 127.00  9  9  4  0  3  2  3  4  5  0 
 143.00  9  3  2  8  4  4  4  6  1  1 
 150.00  6  8  3  2  3  3  1  7  5  7 
 151.00  5  9  0  5  6  4  5  4  6  5 
 156.00  4  6  3  9  5  1  6  5  6  2 
 159.00  8  2  6  9  5  1  5  4  8  5 
 168.00  1  0  3  5  9  7  3  1  6  4 
 180.00  1  0  0  9  9  7  7  2  4  8 
 188.00  0  6  8  4  5  7  4  6  3  8 
 196.00  4  8  3  8  6  8  4  4  2  0 
 17
 118.00  7  4  5  1  8  0  8  1  7  1 
 119.00  8  3  2  4  6  0  4  8  2  2 
 123.00  8  5  2  6  2  5  8  1  3  0 
 128.00  1  5  9  5  3  0  6  6  8  3 
 129.00  0  7  7  4  4  1  5  1  1  4 
 140.00  6  0  7  6  1  5  1  5  0  9 
 159.00  3  6  7  0  4  8  8  2  0  4 
 174.00  9  7  9  5  5  4  2  3  5  1 
 213.00  9  7  9  5  5  8  2  2  4  9 
 240.00  3  7  9  9  8  6  4  9  5  2 
 18
 93.00  8  2  4  2  2  1  2  5  3  8 
 94.00  5  5  4  4  1  0  2  3  3  0 
 102.00  5  0  2  2  0  4  8  6  7  3 
 140.00  7  7  6  3  1  6  4  4  6  4 
 150.00  6  1  9  9  6  0  8  2  4  4 
 164.00  2  9  0  4  5  5  1  1  9  9 
 170.00  9  5  4  3  4  6  3  7  1  2 
 180.00  8  9  5  2  7  8  5  2  1  1 
 199.00  4  1  5  9  4  9  1  5  9  4 
 207.00  4  9  6  6  8  4  9  4  4  1 
 19
 96.00  2  3  1  3  2  3  4  0  7  7 
 115.00  1  9  5  1  0  0  2  8  8  1 
 130.00  2  3  0  8  4  3  2  3  5  1 
 156.00  9  2  8  4  4  1  0  5  9  7 
 157.00  9  4  7  1  8  2  3  2  4  6 
 163.00  1  2  1  6  4  9  3  0  7  7 
 164.00  6  6  3  8  7  3  7  0  3  4 
 175.00  2  4  4  6  5  3  6  7  8  8 
 188.00  4  6  1  7  5  9  5  9  0  3 
 205.00  9  3  9  9  3  8  8  1  9  8 
 20
 122.00  1  1  1  9  4  4  6  0  2  3 
 141.00  9  9  3  5  4  2  9  4  3  4 
 159.00  3  8  1  5  7  5  5  4  4  4 
 164.00  1  4  1  3  6  9  2  4  5  5 
 165.00  0  1  3  5  4  7  0  6  9  2 
 166.00  4  0  6  7  5  4  6  9  7  5 
 169.00  2  9  3  6  9  1  8  0  3  9 
 174.00  6  1  6  7  4  6  2  3  8  0 
 190.00  6  2  9  9  3  6  7  1  6  8 
 193.00  8  7  9  7  5  6  7  4  4  1 
 Solutions by  Mosers Solution
 2  3  9  6  0  6  7  2  1  5  4  6  7  7  8  8  9  9  9  6  3375.00
 Solutions by  HEU
 8  4  9  6  9  9  7  6  6  9  5  9  4  9  0  9  7  1  7  9  3437.00
 Upper bound
 3631.36
 Solutions by  Exact Solution
 8  5  9  3  8  3  4  7  6  9  4  9  8  9  8  8  8  9  9  8  3597.00