3.290891754147420301e-01 3.455813102533720649e+00
9.210033238890864560e-01 1.222549040618014837e+00
-1.066700757152105883e-01 1.500224421179253032e+00
-4.731538394602754494e-01 3.990108259988522477e+00
1.779957787403125824e-01 2.064916077345330336e+00
-1.893463963359296454e-01 4.807114070386448113e+00
3.015851112409866364e-01 7.545821592080482754e-01
3.124404914244460763e-02 2.242472490494773041e+00
5.140286580498409919e-01 5.356690149853605476e+00
-7.653294258830322105e-01 5.771656011666587816e+00
-1.155521168992844849e+00 7.695342310895767479e-01
-4.997025508170538366e-01 6.054513154774248118e-01
7.468013248895357670e-01 6.056862685092988308e+00
2.173521652310133057e-01 2.342052426495139228e-01
1.310102313802505858e+00 3.147808851838226119e+00
3.199509761984495881e-01 5.452291957827297697e-01
1.050519716386897340e+00 2.927508015314078449e+00
8.824322439742058322e-01 6.163125496405622572e-01
9.009309358240424892e-01 3.178362669616849878e+00
-7.364002996348029129e-02 4.522882701750782886e+00
1.018156991256617960e+00 4.431755390810064199e+00
4.491280021911236986e-01 3.255277501325087641e+00
5.577756568275744620e-01 4.299610717544496197e+00
-8.800425353640646264e-01 4.166941612644750492e+00
2.251866137850062621e-01 4.691995545091897313e+00
-6.432958937666168886e-01 4.351111978991265339e+00
7.054733723522721434e-02 2.469224770556078585e+00
-8.174196886823557051e-01 1.500802269563106028e+00
-3.026884538969021321e-01 5.258489540594098344e+00
-6.069707376842645719e-01 1.893139537818103735e+00
9.066129858144749143e-01 5.948612314920628030e+00
-1.574998727169272250e-01 2.792378879600390551e+00
3.840518304798441473e-01 2.194567496739191270e+00
1.488465875983124853e-02 5.088494849160621669e+00
1.034803829827031674e+00 5.618845608332689423e+00
-1.385585421074480017e+00 5.107885962937338542e-01
1.198615099015470697e+00 2.449044312521865940e+00
1.792457551564372586e-01 2.968483136847574588e+00
-9.040829226102490290e-01 4.906919684230303780e+00
4.771860987522331676e-01 2.245657293932775911e+00
8.575425499238664706e-01 5.490109451937552620e+00
1.487137946855472848e+00 2.962348301533911155e+00
1.083347368342632677e+00 2.904806480789291712e+00
-1.279384503735747636e-01 9.460968992165497138e-01
1.621460353479344807e-01 3.719496269363933738e+00
6.394524577503890583e-01 3.143760100106094857e+00
1.253000538288264298e+00 3.893972909773981250e+00
-6.983729118486444731e-01 2.547442094556844339e+00
-1.094312016289391121e+00 3.784348507410439932e+00
3.705703849548991347e-01 3.520649091549825194e+00
-5.517053228547004196e-01 5.066764021576025456e+00
-2.099056527702225505e-01 4.639231463205282679e+00
3.951550950365565473e-01 9.383936934599413915e-01
-2.465029247276795399e-01 5.452940376000845468e+00
-2.494072166171736882e-01 5.663567360592131728e+00
1.075071968155871360e+00 1.907009473532976562e+00
-5.493991977058478859e-01 4.459521474641490180e-01
1.259148431883054808e+00 6.240327951176953825e+00
-1.318681590740877763e-01 5.738361028837778655e+00
8.837236235271754836e-01 5.234910207009948913e+00
1.025432925989586685e-01 4.172702979886080854e+00
-3.139674451125065158e-01 5.289770011644718828e+00
-8.500859923124841622e-01 4.179889705711121728e+00
-3.457765466073459137e-03 3.439196251312443664e+00
-5.438496526737834902e-01 5.452583970891867082e+00
-2.466423452860848631e-01 1.865815397967500955e+00
2.254070824633871428e-01 6.012063497231848963e+00
5.082048285514866315e-01 6.080028468888667881e+00
-1.464506632136550746e-01 5.237443646108509654e+00
-1.478424214630662537e+00 3.990939811090171485e+00
-1.833624199380312625e-02 4.236326493639861468e-01
5.477682213480941087e-01 9.394301061037021450e-01
3.159610636711254195e-01 2.607790688261906631e+00
-1.453026328176802995e-01 3.213855391585477062e+00
4.354719229353536392e-01 3.770603151671494846e+00
9.942729074748757334e-01 2.558884958980265800e+00
-6.999249127488004207e-01 3.209161900336029299e-02
-2.920897556826818064e-01 4.234380784199387904e+00
1.603881437829663970e-01 3.566175076569893410e+00
-6.162609415060599227e-01 5.933018061068092486e+00
4.133544816924485943e-01 4.871091559808816140e-01
1.909513495667347627e-01 1.137200447694151961e+00
1.132471133771391081e+00 4.017660702008927665e+00
-1.014788234155592273e+00 3.637598903080987434e+00
-6.298979086210043654e-02 5.704240692167736881e-01
1.296918778223974833e+00 2.520050753855016090e+00
-1.466807498649011832e+00 4.231886821320402170e+00
7.842164267991038606e-01 1.789008452319508669e+00
2.812790314737587671e-01 2.496161803006744950e+00
4.872136056839306839e-01 5.458547747672011674e+00
-1.089769278255781737e+00 3.959720183008208494e+00
1.255283928286228257e-01 3.997134953645618438e+00
2.211754863049841813e-01 1.861759860189374782e+00
-8.640141590732701715e-01 3.992651385853548618e+00
-1.007257882015876405e+00 6.191608517664628941e+00
3.502415094688458019e-01 3.429972046232041993e+00
-6.641792040974526801e-01 5.888993163646877527e+00
-9.244606056546016415e-01 2.650114296646412626e+00
-1.852538272393178254e-01 3.908119133711957183e+00
1.415341044892937106e-02 5.597125020981692956e+00
