Instance Name : r105
Date : 2022-07-21
Solution
Route 1 : 33 65 71 35 77
Route 2 : 69 30 51 9 66 20 1
Route 3 : 28 76 81 78 34 68 24 80
Route 4 : 12 29 79 3 50
Route 5 : 63 64 11 90 10 32 70
Route 6 : 47 36 19 49 46 48
Route 7 : 31 62 88 7
Route 8 : 53 40 26
Route 9 : 21 73 75 22 41 56 74 58
Route 10 : 72 39 23 67 55 54 4 25
Route 11 : 27 52 82 8 18
Route 12 : 83 45 84 60 89
Route 13 : 5 59 99 94 6 96
Route 14 : 2 15 57 87 37 97 13
Route 15 : 95 92 98 61 85 86 17
Route 16 : 42 14 44 16 38 43 100 91 93
